-3.104822865231332552e-01 7.661212779413822499e-06 5.700000000000000205e-02
-3.407165389153146151e-01 7.942622040537326675e-07 3.450000000000000289e-02
-3.511387485462895697e-01 3.432691976361861987e-07 2.400000000000000050e-02
-3.330913305633779187e-01 1.439641478478349847e-06 1.750000000000000167e-02
-8.257482413665338805e-02 2.450523244842272019e-01 2.900000000000000355e-01
-2.918220018600570231e-01 2.755996969507043106e-05 8.000000000000000167e-02
-2.654184844616706562e-01 1.456268136975457218e-04 1.199999999999999956e-01
-4.071772420832125428e-01 2.182988202698167176e-09 1.000000000000000021e-03
-3.154103358519230182e-01 5.382960892598690485e-06 5.899999999999999689e-02
-2.962558768131166032e-01 2.049379029747618503e-05 3.699999999999999817e-02
-3.131474462494998612e-01 6.334947695220985828e-06 7.050000000000000711e-02
-3.439432358775249554e-01 6.145741919885752093e-07 6.000000000000000125e-03
-3.338071541345462578e-01 1.362385875806537762e-06 1.549999999999999989e-02
-3.303662933481279484e-01 1.773754209723466172e-06 3.350000000000000200e-02
-3.510140123393644673e-01 3.467955027691988224e-07 2.000000000000000042e-03
-3.784117517368175143e-01 3.297923230278091502e-08 5.000000000000000104e-04
-4.504875039738424625e-01 2.182185633513657816e-11 0.000000000000000000e+00
-4.295863855584560742e-01 2.185328753277081298e-10 1.000000000000000021e-03
-4.647692291639803908e-01 4.120825085593745631e-12 1.500000000000000031e-03
-4.767762201671013056e-01 9.546950868554271340e-13 0.000000000000000000e+00
-4.833438306221026215e-01 4.186480815095908659e-13 0.000000000000000000e+00
-4.742147989912831596e-01 1.310501660197509918e-12 5.000000000000000104e-04
-4.970867466296569059e-01 7.038942573786238534e-14 0.000000000000000000e+00
-4.932611137817864977e-01 1.165599913279067015e-13 0.000000000000000000e+00
-5.117039315407645450e-01 9.659745768788524223e-15 0.000000000000000000e+00
-5.354792905849702356e-01 3.095472997174434975e-16 0.000000000000000000e+00
-4.979745640735488976e-01 6.255801524420034797e-14 1.000000000000000021e-03
-5.254838994913878514e-01 1.358877949557222510e-15 5.000000000000000104e-04
-4.995719654288671707e-01 5.055262737265744055e-14 5.000000000000000104e-04
-4.601277321594478553e-01 7.144023091445224453e-12 0.000000000000000000e+00
-3.654212196442043759e-01 1.034250853701548591e-07 2.550000000000000183e-02
-3.589120935214540342e-01 1.799842143239345299e-07 1.499999999999999944e-02
-3.241836296873812362e-01 2.826993468331444222e-06 6.149999999999999911e-02
-4.951085426405005818e-01 9.143507658427549925e-14 1.000000000000000021e-03
-5.107584381738043966e-01 1.101569644728800049e-14 1.500000000000000031e-03
-3.673458306889922920e-01 8.759008508254690381e-08 1.449999999999999900e-02
-3.723330051656796869e-01 5.665436593239660292e-08 2.199999999999999872e-02
-4.070006852547538023e-01 2.221456301205690146e-09 4.000000000000000083e-03
-2.822712606909332234e-01 5.131516563839744698e-05 6.199999999999999956e-02
-4.690363304027200808e-01 2.466617764314182946e-12 2.500000000000000052e-03
-4.364661554146002098e-01 1.041470510237253825e-10 5.000000000000000104e-04
-3.040021539263358941e-01 1.207017056722753902e-05 3.200000000000000067e-02
-3.719559085398341236e-01 5.856700193020059235e-08 1.099999999999999936e-02
-3.913640170824662645e-01 1.002860897158136743e-08 1.000000000000000021e-03
-3.680237903705257940e-01 8.258849606160691389e-08 2.500000000000000052e-03
-1.774470631086551009e-01 1.194612146650220717e-02 1.275000000000000022e-01
-3.198956486056640514e-01 3.882635141298549673e-06 3.500000000000000073e-03
-2.599367117762604873e-01 2.015080268192497113e-04 2.599999999999999881e-02
-3.916079611246086056e-01 9.801378701220067745e-09 0.000000000000000000e+00
-3.490347318563231660e-01 4.076139566057295516e-07 3.400000000000000244e-02
-2.419077970410485889e-01 5.584121141809236062e-04 2.650000000000000272e-02
-4.090517939237374168e-01 1.812306265363409941e-09 1.500000000000000031e-03
-3.401735570980136680e-01 8.290589390914864963e-07 1.349999999999999985e-02
-4.744938457089696859e-01 1.266209434429300783e-12 1.000000000000000021e-03
-6.217767131783311085e-02 3.817588862794647486e-01 4.430000000000000049e-01
1.166527399324978342e-01 9.996995472070628608e-02 7.599999999999999811e-02
-1.655941251489037591e-01 1.911003146306176209e-02 2.580000000000000071e-01
-5.439739907234365790e-02 4.442476753707855219e-01 4.884999999999999898e-01
-7.027279249662235494e-02 3.227604487507086395e-01 3.845000000000000084e-01
-2.022167403125745277e-01 4.084283811452072387e-03 1.534999999999999976e-01
1.076880189923301034e-01 1.290623197038638925e-01 1.519999999999999962e-01
-2.244211587786215309e-02 7.524353198396919185e-01 5.040000000000000036e-01
-2.110265989447031865e-01 2.704116013073454110e-03 8.899999999999999578e-02
-2.970205141576857943e-03 9.667044948723279019e-01 6.545000000000000817e-01
-9.839674764931634343e-02 1.656907061938753811e-01 3.350000000000000200e-01
-2.136991918259789278e-02 7.639053969452523907e-01 5.665000000000000036e-01
3.383429572567039217e-03 9.620755697073862800e-01 3.925000000000000155e-01
-2.078821597379422736e-01 3.138793599208195614e-03 1.040000000000000091e-01
0.000000000000000000e+00 0.000000000000000000e+00 0.000000000000000000e+00
0.000000000000000000e+00 0.000000000000000000e+00 0.000000000000000000e+00
0.000000000000000000e+00 0.000000000000000000e+00 0.000000000000000000e+00
0.000000000000000000e+00 0.000000000000000000e+00 0.000000000000000000e+00
0.000000000000000000e+00 0.000000000000000000e+00 0.000000000000000000e+00
0.000000000000000000e+00 0.000000000000000000e+00 0.000000000000000000e+00
0.000000000000000000e+00 0.000000000000000000e+00 0.000000000000000000e+00
0.000000000000000000e+00 0.000000000000000000e+00 0.000000000000000000e+00
0.000000000000000000e+00 0.000000000000000000e+00 0.000000000000000000e+00
0.000000000000000000e+00 0.000000000000000000e+00 0.000000000000000000e+00
0.000000000000000000e+00 0.000000000000000000e+00 0.000000000000000000e+00
0.000000000000000000e+00 0.000000000000000000e+00 0.000000000000000000e+00
0.000000000000000000e+00 0.000000000000000000e+00 0.000000000000000000e+00
0.000000000000000000e+00 0.000000000000000000e+00 0.000000000000000000e+00
0.000000000000000000e+00 0.000000000000000000e+00 0.000000000000000000e+00
0.000000000000000000e+00 0.000000000000000000e+00 0.000000000000000000e+00
0.000000000000000000e+00 0.000000000000000000e+00 0.000000000000000000e+00
0.000000000000000000e+00 0.000000000000000000e+00 0.000000000000000000e+00
0.000000000000000000e+00 0.000000000000000000e+00 0.000000000000000000e+00
0.000000000000000000e+00 0.000000000000000000e+00 0.000000000000000000e+00
0.000000000000000000e+00 0.000000000000000000e+00 0.000000000000000000e+00
0.000000000000000000e+00 0.000000000000000000e+00 0.000000000000000000e+00
0.000000000000000000e+00 0.000000000000000000e+00 0.000000000000000000e+00
0.000000000000000000e+00 0.000000000000000000e+00 0.000000000000000000e+00
0.000000000000000000e+00 0.000000000000000000e+00 0.000000000000000000e+00
0.000000000000000000e+00 0.000000000000000000e+00 0.000000000000000000e+00
0.000000000000000000e+00 0.000000000000000000e+00 0.000000000000000000e+00
0.000000000000000000e+00 0.000000000000000000e+00 0.000000000000000000e+00
0.000000000000000000e+00 0.000000000000000000e+00 0.000000000000000000e+00
0.000000000000000000e+00 0.000000000000000000e+00 0.000000000000000000e+00
0.000000000000000000e+00 0.000000000000000000e+00 0.000000000000000000e+00
0.000000000000000000e+00 0.000000000000000000e+00 0.000000000000000000e+00
0.000000000000000000e+00 0.000000000000000000e+00 0.000000000000000000e+00
0.000000000000000000e+00 0.000000000000000000e+00 0.000000000000000000e+00
0.000000000000000000e+00 0.000000000000000000e+00 0.000000000000000000e+00
0.000000000000000000e+00 0.000000000000000000e+00 0.000000000000000000e+00
0.000000000000000000e+00 0.000000000000000000e+00 0.000000000000000000e+00
0.000000000000000000e+00 0.000000000000000000e+00 0.000000000000000000e+00
0.000000000000000000e+00 0.000000000000000000e+00 0.000000000000000000e+00
0.000000000000000000e+00 0.000000000000000000e+00 0.000000000000000000e+00
0.000000000000000000e+00 0.000000000000000000e+00 0.000000000000000000e+00
0.000000000000000000e+00 0.000000000000000000e+00 0.000000000000000000e+00
0.000000000000000000e+00 0.000000000000000000e+00 0.000000000000000000e+00
0.000000000000000000e+00 0.000000000000000000e+00 0.000000000000000000e+00
0.000000000000000000e+00 0.000000000000000000e+00 0.000000000000000000e+00
0.000000000000000000e+00 0.000000000000000000e+00 0.000000000000000000e+00
0.000000000000000000e+00 0.000000000000000000e+00 0.000000000000000000e+00
0.000000000000000000e+00 0.000000000000000000e+00 0.000000000000000000e+00
0.000000000000000000e+00 0.000000000000000000e+00 0.000000000000000000e+00
0.000000000000000000e+00 0.000000000000000000e+00 0.000000000000000000e+00
0.000000000000000000e+00 0.000000000000000000e+00 0.000000000000000000e+00
0.000000000000000000e+00 0.000000000000000000e+00 0.000000000000000000e+00
0.000000000000000000e+00 0.000000000000000000e+00 0.000000000000000000e+00
0.000000000000000000e+00 0.000000000000000000e+00 0.000000000000000000e+00
0.000000000000000000e+00 0.000000000000000000e+00 0.000000000000000000e+00
0.000000000000000000e+00 0.000000000000000000e+00 0.000000000000000000e+00
0.000000000000000000e+00 0.000000000000000000e+00 0.000000000000000000e+00
0.000000000000000000e+00 0.000000000000000000e+00 0.000000000000000000e+00
0.000000000000000000e+00 0.000000000000000000e+00 0.000000000000000000e+00
0.000000000000000000e+00 0.000000000000000000e+00 0.000000000000000000e+00
0.000000000000000000e+00 0.000000000000000000e+00 0.000000000000000000e+00
0.000000000000000000e+00 0.000000000000000000e+00 0.000000000000000000e+00
0.000000000000000000e+00 0.000000000000000000e+00 0.000000000000000000e+00
0.000000000000000000e+00 0.000000000000000000e+00 0.000000000000000000e+00
0.000000000000000000e+00 0.000000000000000000e+00 0.000000000000000000e+00
0.000000000000000000e+00 0.000000000000000000e+00 0.000000000000000000e+00
0.000000000000000000e+00 0.000000000000000000e+00 0.000000000000000000e+00
0.000000000000000000e+00 0.000000000000000000e+00 0.000000000000000000e+00
0.000000000000000000e+00 0.000000000000000000e+00 0.000000000000000000e+00
0.000000000000000000e+00 0.000000000000000000e+00 0.000000000000000000e+00
0.000000000000000000e+00 0.000000000000000000e+00 0.000000000000000000e+00
0.000000000000000000e+00 0.000000000000000000e+00 0.000000000000000000e+00
0.000000000000000000e+00 0.000000000000000000e+00 0.000000000000000000e+00
0.000000000000000000e+00 0.000000000000000000e+00 0.000000000000000000e+00
0.000000000000000000e+00 0.000000000000000000e+00 0.000000000000000000e+00
0.000000000000000000e+00 0.000000000000000000e+00 0.000000000000000000e+00
0.000000000000000000e+00 0.000000000000000000e+00 0.000000000000000000e+00
0.000000000000000000e+00 0.000000000000000000e+00 0.000000000000000000e+00
0.000000000000000000e+00 0.000000000000000000e+00 0.000000000000000000e+00
0.000000000000000000e+00 0.000000000000000000e+00 0.000000000000000000e+00
0.000000000000000000e+00 0.000000000000000000e+00 0.000000000000000000e+00
0.000000000000000000e+00 0.000000000000000000e+00 0.000000000000000000e+00
0.000000000000000000e+00 0.000000000000000000e+00 0.000000000000000000e+00
0.000000000000000000e+00 0.000000000000000000e+00 0.000000000000000000e+00
0.000000000000000000e+00 0.000000000000000000e+00 0.000000000000000000e+00
0.000000000000000000e+00 0.000000000000000000e+00 0.000000000000000000e+00
0.000000000000000000e+00 0.000000000000000000e+00 0.000000000000000000e+00
0.000000000000000000e+00 0.000000000000000000e+00 0.000000000000000000e+00
0.000000000000000000e+00 0.000000000000000000e+00 0.000000000000000000e+00
0.000000000000000000e+00 0.000000000000000000e+00 0.000000000000000000e+00
0.000000000000000000e+00 0.000000000000000000e+00 0.000000000000000000e+00
0.000000000000000000e+00 0.000000000000000000e+00 0.000000000000000000e+00
0.000000000000000000e+00 0.000000000000000000e+00 0.000000000000000000e+00
0.000000000000000000e+00 0.000000000000000000e+00 0.000000000000000000e+00
0.000000000000000000e+00 0.000000000000000000e+00 0.000000000000000000e+00
0.000000000000000000e+00 0.000000000000000000e+00 0.000000000000000000e+00
0.000000000000000000e+00 0.000000000000000000e+00 0.000000000000000000e+00
0.000000000000000000e+00 0.000000000000000000e+00 0.000000000000000000e+00
0.000000000000000000e+00 0.000000000000000000e+00 0.000000000000000000e+00
0.000000000000000000e+00 0.000000000000000000e+00 0.000000000000000000e+00
0.000000000000000000e+00 0.000000000000000000e+00 0.000000000000000000e+00
0.000000000000000000e+00 0.000000000000000000e+00 0.000000000000000000e+00
0.000000000000000000e+00 0.000000000000000000e+00 0.000000000000000000e+00
0.000000000000000000e+00 0.000000000000000000e+00 0.000000000000000000e+00
0.000000000000000000e+00 0.000000000000000000e+00 0.000000000000000000e+00
0.000000000000000000e+00 0.000000000000000000e+00 0.000000000000000000e+00
0.000000000000000000e+00 0.000000000000000000e+00 0.000000000000000000e+00
0.000000000000000000e+00 0.000000000000000000e+00 0.000000000000000000e+00
0.000000000000000000e+00 0.000000000000000000e+00 0.000000000000000000e+00
0.000000000000000000e+00 0.000000000000000000e+00 0.000000000000000000e+00
0.000000000000000000e+00 0.000000000000000000e+00 0.000000000000000000e+00
0.000000000000000000e+00 0.000000000000000000e+00 0.000000000000000000e+00
0.000000000000000000e+00 0.000000000000000000e+00 0.000000000000000000e+00
0.000000000000000000e+00 0.000000000000000000e+00 0.000000000000000000e+00
0.000000000000000000e+00 0.000000000000000000e+00 0.000000000000000000e+00
0.000000000000000000e+00 0.000000000000000000e+00 0.000000000000000000e+00
0.000000000000000000e+00 0.000000000000000000e+00 0.000000000000000000e+00
0.000000000000000000e+00 0.000000000000000000e+00 0.000000000000000000e+00
0.000000000000000000e+00 0.000000000000000000e+00 0.000000000000000000e+00
0.000000000000000000e+00 0.000000000000000000e+00 0.000000000000000000e+00
0.000000000000000000e+00 0.000000000000000000e+00 0.000000000000000000e+00
0.000000000000000000e+00 0.000000000000000000e+00 0.000000000000000000e+00
0.000000000000000000e+00 0.000000000000000000e+00 0.000000000000000000e+00
0.000000000000000000e+00 0.000000000000000000e+00 0.000000000000000000e+00
0.000000000000000000e+00 0.000000000000000000e+00 0.000000000000000000e+00
0.000000000000000000e+00 0.000000000000000000e+00 0.000000000000000000e+00
0.000000000000000000e+00 0.000000000000000000e+00 0.000000000000000000e+00
0.000000000000000000e+00 0.000000000000000000e+00 0.000000000000000000e+00
0.000000000000000000e+00 0.000000000000000000e+00 0.000000000000000000e+00
0.000000000000000000e+00 0.000000000000000000e+00 0.000000000000000000e+00
0.000000000000000000e+00 0.000000000000000000e+00 0.000000000000000000e+00
0.000000000000000000e+00 0.000000000000000000e+00 0.000000000000000000e+00
