-2.659172434531633655e-01 1.413370609124456930e-04 4.499999999999999833e-02
-2.793058215151152934e-01 6.195847270814433473e-05 4.499999999999999833e-02
-3.058036259906997678e-01 1.064878575621038605e-05 1.750000000000000167e-02
-2.238116058247064111e-01 1.443310274858168292e-03 7.799999999999999989e-02
-1.492212454977519531e-01 3.495309155827255182e-02 3.350000000000000200e-02
-2.647082758289985294e-01 1.519455377871519516e-04 7.050000000000000711e-02
-2.326992357288993896e-01 9.135699784235220330e-04 6.900000000000000577e-02
-3.196398580487859742e-01 3.956218174573624674e-06 2.400000000000000050e-02
-3.045528631322873547e-01 1.161762564123466339e-05 6.500000000000000569e-03
-1.994913567500745111e-01 4.624725315020166740e-03 8.949999999999999623e-02
-2.703536437810809545e-01 1.080517749830659608e-04 2.350000000000000006e-02
-2.555857259312728225e-01 2.594686397009652711e-04 4.249999999999999611e-02
-2.435701934081695441e-01 5.098971320580197256e-04 4.399999999999999745e-02
-2.578232042261409673e-01 2.279619276902085823e-04 4.299999999999999656e-02
-2.495925392846362056e-01 3.649344646312440961e-04 5.649999999999999467e-02
-2.546767272452363784e-01 2.733899214943434717e-04 4.399999999999999745e-02
-2.722801136852183168e-01 9.601919982151519990e-05 2.650000000000000272e-02
-2.116273491290049380e-01 2.627565192620305232e-03 9.299999999999999933e-02
-2.360962077286467287e-01 7.635402043528129352e-04 9.550000000000000155e-02
-2.694473926878167003e-01 1.141878148813536072e-04 2.450000000000000094e-02
-2.271982559543134217e-01 1.214959918752584909e-03 7.949999999999998734e-02
-2.325135011781984673e-01 9.225070022754928729e-04 9.550000000000000155e-02
-3.114384083122000435e-01 7.157691263699607982e-06 2.199999999999999872e-02
-2.747469543935668890e-01 8.244059857480253394e-05 3.200000000000000067e-02
-2.684057501395310519e-01 1.216429536555043361e-04 8.050000000000000211e-02
-2.675057323058890879e-01 1.284487547177026409e-04 5.650000000000000161e-02
-3.079935529942408046e-01 9.134165620512637839e-06 3.300000000000000155e-02
-2.024914857382689171e-01 4.033089216457248945e-03 1.980000000000000093e-01
-2.571704917771261423e-01 2.367638421153114804e-04 6.149999999999999911e-02
-2.142374265622201679e-01 2.317286670564617720e-03 5.700000000000000205e-02
-3.643689135424360015e-01 1.132105712308343313e-07 1.899999999999999953e-02
-2.341372620641301305e-01 8.470247347205009511e-04 1.214999999999999969e-01
-2.684922913874290273e-01 1.210066359806178868e-04 5.549999999999999378e-02
-2.595438969286774644e-01 2.061972669655320965e-04 1.250000000000000000e-01
-2.811961835470324633e-01 5.495763707462883224e-05 1.234999999999999987e-01
-2.147094549434926947e-01 2.264867389236378641e-03 1.445000000000000173e-01
-2.495360756838170269e-01 3.660947322785808398e-04 8.050000000000000211e-02
-2.770958827865148688e-01 7.120347654612741795e-05 3.600000000000000422e-02
-2.027553100056123658e-01 3.984474434654515507e-03 1.184999999999999942e-01
-2.605735796004189364e-01 1.941161251554676236e-04 8.049999999999998823e-02
-2.064368570176327577e-01 3.359030417673994611e-03 1.595000000000000029e-01
-1.603434072843397951e-01 2.332433758214900316e-02 2.359999999999999876e-01
-1.873240569197828775e-01 7.904758468251291484e-03 2.174999999999999989e-01
-2.373936394769212144e-01 7.124944686088807971e-04 8.799999999999999489e-02
-1.676466251748723879e-01 1.765196973306927195e-02 1.869999999999999996e-01
-7.127573793927793888e-02 3.158853551333324350e-01 3.375000000000000222e-01
-1.959560078209644507e-01 5.421204091191609599e-03 9.099999999999999756e-02
-5.225699942839416579e-02 4.624030543736124543e-01 3.945000000000000173e-01
-1.654518513646979216e-01 1.921486522591553739e-02 1.605000000000000038e-01
-9.699947774375838883e-02 1.718116649426673914e-01 4.390000000000000013e-01
-5.373820736939647486e-02 4.497956419365012892e-01 3.335000000000000187e-01
-1.490847349211679718e-01 3.512188867392412872e-02 1.809999999999999942e-01
-1.878590634660557701e-01 7.725549540370845250e-03 1.214999999999999969e-01
-1.744799097200391835e-01 1.347221279040233637e-02 1.739999999999999880e-01
-1.045691465554725308e-01 1.405880729145836949e-01 5.885000000000000231e-01
-2.459249196524086051e-02 7.295962344348791984e-01 7.690000000000000169e-01
-3.486309532619868978e-01 4.212172921473225144e-07 3.400000000000000244e-02
-3.223043036335376810e-01 3.250724999924729383e-06 6.800000000000000488e-02
-2.248572170957538752e-01 1.368932806368077133e-03 8.899999999999999578e-02
-2.670632192158977070e-01 1.319240573040314263e-04 5.850000000000000339e-02
3.816253899335379091e-02 5.916044425951572094e-01 2.154999999999999971e-01
-9.612550031388300553e-02 1.757247040868498977e-01 2.620000000000000107e-01
-1.202695786469595157e-01 8.981571292169979182e-02 2.780000000000000249e-01
-9.697705010339871534e-02 1.719112638885653965e-01 4.074999999999999734e-01
-1.397839334407346701e-01 4.836406133554035924e-02 3.649999999999999911e-01
-5.598936666812449892e-02 4.310102530506330076e-01 5.589999999999999414e-01
-2.815746164779044797e-02 6.922605754737527484e-01 6.280000000000000027e-01
-9.783999659619588285e-02 1.681098334078814649e-01 3.395000000000000240e-01
0.000000000000000000e+00 0.000000000000000000e+00 0.000000000000000000e+00
0.000000000000000000e+00 0.000000000000000000e+00 0.000000000000000000e+00
0.000000000000000000e+00 0.000000000000000000e+00 0.000000000000000000e+00
0.000000000000000000e+00 0.000000000000000000e+00 0.000000000000000000e+00
0.000000000000000000e+00 0.000000000000000000e+00 0.000000000000000000e+00
0.000000000000000000e+00 0.000000000000000000e+00 0.000000000000000000e+00
0.000000000000000000e+00 0.000000000000000000e+00 0.000000000000000000e+00
0.000000000000000000e+00 0.000000000000000000e+00 0.000000000000000000e+00
0.000000000000000000e+00 0.000000000000000000e+00 0.000000000000000000e+00
0.000000000000000000e+00 0.000000000000000000e+00 0.000000000000000000e+00
0.000000000000000000e+00 0.000000000000000000e+00 0.000000000000000000e+00
0.000000000000000000e+00 0.000000000000000000e+00 0.000000000000000000e+00
0.000000000000000000e+00 0.000000000000000000e+00 0.000000000000000000e+00
0.000000000000000000e+00 0.000000000000000000e+00 0.000000000000000000e+00
0.000000000000000000e+00 0.000000000000000000e+00 0.000000000000000000e+00
0.000000000000000000e+00 0.000000000000000000e+00 0.000000000000000000e+00
0.000000000000000000e+00 0.000000000000000000e+00 0.000000000000000000e+00
0.000000000000000000e+00 0.000000000000000000e+00 0.000000000000000000e+00
0.000000000000000000e+00 0.000000000000000000e+00 0.000000000000000000e+00
0.000000000000000000e+00 0.000000000000000000e+00 0.000000000000000000e+00
0.000000000000000000e+00 0.000000000000000000e+00 0.000000000000000000e+00
0.000000000000000000e+00 0.000000000000000000e+00 0.000000000000000000e+00
0.000000000000000000e+00 0.000000000000000000e+00 0.000000000000000000e+00
0.000000000000000000e+00 0.000000000000000000e+00 0.000000000000000000e+00
0.000000000000000000e+00 0.000000000000000000e+00 0.000000000000000000e+00
0.000000000000000000e+00 0.000000000000000000e+00 0.000000000000000000e+00
0.000000000000000000e+00 0.000000000000000000e+00 0.000000000000000000e+00
0.000000000000000000e+00 0.000000000000000000e+00 0.000000000000000000e+00
0.000000000000000000e+00 0.000000000000000000e+00 0.000000000000000000e+00
0.000000000000000000e+00 0.000000000000000000e+00 0.000000000000000000e+00
0.000000000000000000e+00 0.000000000000000000e+00 0.000000000000000000e+00
0.000000000000000000e+00 0.000000000000000000e+00 0.000000000000000000e+00
0.000000000000000000e+00 0.000000000000000000e+00 0.000000000000000000e+00
0.000000000000000000e+00 0.000000000000000000e+00 0.000000000000000000e+00
0.000000000000000000e+00 0.000000000000000000e+00 0.000000000000000000e+00
0.000000000000000000e+00 0.000000000000000000e+00 0.000000000000000000e+00
0.000000000000000000e+00 0.000000000000000000e+00 0.000000000000000000e+00
0.000000000000000000e+00 0.000000000000000000e+00 0.000000000000000000e+00
0.000000000000000000e+00 0.000000000000000000e+00 0.000000000000000000e+00
0.000000000000000000e+00 0.000000000000000000e+00 0.000000000000000000e+00
0.000000000000000000e+00 0.000000000000000000e+00 0.000000000000000000e+00
0.000000000000000000e+00 0.000000000000000000e+00 0.000000000000000000e+00
0.000000000000000000e+00 0.000000000000000000e+00 0.000000000000000000e+00
0.000000000000000000e+00 0.000000000000000000e+00 0.000000000000000000e+00
0.000000000000000000e+00 0.000000000000000000e+00 0.000000000000000000e+00
0.000000000000000000e+00 0.000000000000000000e+00 0.000000000000000000e+00
0.000000000000000000e+00 0.000000000000000000e+00 0.000000000000000000e+00
0.000000000000000000e+00 0.000000000000000000e+00 0.000000000000000000e+00
0.000000000000000000e+00 0.000000000000000000e+00 0.000000000000000000e+00
0.000000000000000000e+00 0.000000000000000000e+00 0.000000000000000000e+00
0.000000000000000000e+00 0.000000000000000000e+00 0.000000000000000000e+00
0.000000000000000000e+00 0.000000000000000000e+00 0.000000000000000000e+00
0.000000000000000000e+00 0.000000000000000000e+00 0.000000000000000000e+00
0.000000000000000000e+00 0.000000000000000000e+00 0.000000000000000000e+00
0.000000000000000000e+00 0.000000000000000000e+00 0.000000000000000000e+00
0.000000000000000000e+00 0.000000000000000000e+00 0.000000000000000000e+00
0.000000000000000000e+00 0.000000000000000000e+00 0.000000000000000000e+00
0.000000000000000000e+00 0.000000000000000000e+00 0.000000000000000000e+00
0.000000000000000000e+00 0.000000000000000000e+00 0.000000000000000000e+00
0.000000000000000000e+00 0.000000000000000000e+00 0.000000000000000000e+00
0.000000000000000000e+00 0.000000000000000000e+00 0.000000000000000000e+00
0.000000000000000000e+00 0.000000000000000000e+00 0.000000000000000000e+00
0.000000000000000000e+00 0.000000000000000000e+00 0.000000000000000000e+00
0.000000000000000000e+00 0.000000000000000000e+00 0.000000000000000000e+00
0.000000000000000000e+00 0.000000000000000000e+00 0.000000000000000000e+00
0.000000000000000000e+00 0.000000000000000000e+00 0.000000000000000000e+00
0.000000000000000000e+00 0.000000000000000000e+00 0.000000000000000000e+00
0.000000000000000000e+00 0.000000000000000000e+00 0.000000000000000000e+00
0.000000000000000000e+00 0.000000000000000000e+00 0.000000000000000000e+00
0.000000000000000000e+00 0.000000000000000000e+00 0.000000000000000000e+00
0.000000000000000000e+00 0.000000000000000000e+00 0.000000000000000000e+00
0.000000000000000000e+00 0.000000000000000000e+00 0.000000000000000000e+00
0.000000000000000000e+00 0.000000000000000000e+00 0.000000000000000000e+00
0.000000000000000000e+00 0.000000000000000000e+00 0.000000000000000000e+00
0.000000000000000000e+00 0.000000000000000000e+00 0.000000000000000000e+00
0.000000000000000000e+00 0.000000000000000000e+00 0.000000000000000000e+00
0.000000000000000000e+00 0.000000000000000000e+00 0.000000000000000000e+00
0.000000000000000000e+00 0.000000000000000000e+00 0.000000000000000000e+00
0.000000000000000000e+00 0.000000000000000000e+00 0.000000000000000000e+00
0.000000000000000000e+00 0.000000000000000000e+00 0.000000000000000000e+00
0.000000000000000000e+00 0.000000000000000000e+00 0.000000000000000000e+00
0.000000000000000000e+00 0.000000000000000000e+00 0.000000000000000000e+00
0.000000000000000000e+00 0.000000000000000000e+00 0.000000000000000000e+00
0.000000000000000000e+00 0.000000000000000000e+00 0.000000000000000000e+00
0.000000000000000000e+00 0.000000000000000000e+00 0.000000000000000000e+00
0.000000000000000000e+00 0.000000000000000000e+00 0.000000000000000000e+00
0.000000000000000000e+00 0.000000000000000000e+00 0.000000000000000000e+00
0.000000000000000000e+00 0.000000000000000000e+00 0.000000000000000000e+00
0.000000000000000000e+00 0.000000000000000000e+00 0.000000000000000000e+00
0.000000000000000000e+00 0.000000000000000000e+00 0.000000000000000000e+00
0.000000000000000000e+00 0.000000000000000000e+00 0.000000000000000000e+00
0.000000000000000000e+00 0.000000000000000000e+00 0.000000000000000000e+00
0.000000000000000000e+00 0.000000000000000000e+00 0.000000000000000000e+00
0.000000000000000000e+00 0.000000000000000000e+00 0.000000000000000000e+00
0.000000000000000000e+00 0.000000000000000000e+00 0.000000000000000000e+00
0.000000000000000000e+00 0.000000000000000000e+00 0.000000000000000000e+00
0.000000000000000000e+00 0.000000000000000000e+00 0.000000000000000000e+00
0.000000000000000000e+00 0.000000000000000000e+00 0.000000000000000000e+00
0.000000000000000000e+00 0.000000000000000000e+00 0.000000000000000000e+00
0.000000000000000000e+00 0.000000000000000000e+00 0.000000000000000000e+00
0.000000000000000000e+00 0.000000000000000000e+00 0.000000000000000000e+00
0.000000000000000000e+00 0.000000000000000000e+00 0.000000000000000000e+00
0.000000000000000000e+00 0.000000000000000000e+00 0.000000000000000000e+00
0.000000000000000000e+00 0.000000000000000000e+00 0.000000000000000000e+00
0.000000000000000000e+00 0.000000000000000000e+00 0.000000000000000000e+00
0.000000000000000000e+00 0.000000000000000000e+00 0.000000000000000000e+00
0.000000000000000000e+00 0.000000000000000000e+00 0.000000000000000000e+00
0.000000000000000000e+00 0.000000000000000000e+00 0.000000000000000000e+00
0.000000000000000000e+00 0.000000000000000000e+00 0.000000000000000000e+00
0.000000000000000000e+00 0.000000000000000000e+00 0.000000000000000000e+00
0.000000000000000000e+00 0.000000000000000000e+00 0.000000000000000000e+00
0.000000000000000000e+00 0.000000000000000000e+00 0.000000000000000000e+00
0.000000000000000000e+00 0.000000000000000000e+00 0.000000000000000000e+00
0.000000000000000000e+00 0.000000000000000000e+00 0.000000000000000000e+00
0.000000000000000000e+00 0.000000000000000000e+00 0.000000000000000000e+00
0.000000000000000000e+00 0.000000000000000000e+00 0.000000000000000000e+00
0.000000000000000000e+00 0.000000000000000000e+00 0.000000000000000000e+00
0.000000000000000000e+00 0.000000000000000000e+00 0.000000000000000000e+00
0.000000000000000000e+00 0.000000000000000000e+00 0.000000000000000000e+00
0.000000000000000000e+00 0.000000000000000000e+00 0.000000000000000000e+00
0.000000000000000000e+00 0.000000000000000000e+00 0.000000000000000000e+00
0.000000000000000000e+00 0.000000000000000000e+00 0.000000000000000000e+00
0.000000000000000000e+00 0.000000000000000000e+00 0.000000000000000000e+00
0.000000000000000000e+00 0.000000000000000000e+00 0.000000000000000000e+00
0.000000000000000000e+00 0.000000000000000000e+00 0.000000000000000000e+00
0.000000000000000000e+00 0.000000000000000000e+00 0.000000000000000000e+00
0.000000000000000000e+00 0.000000000000000000e+00 0.000000000000000000e+00
0.000000000000000000e+00 0.000000000000000000e+00 0.000000000000000000e+00
0.000000000000000000e+00 0.000000000000000000e+00 0.000000000000000000e+00
0.000000000000000000e+00 0.000000000000000000e+00 0.000000000000000000e+00
0.000000000000000000e+00 0.000000000000000000e+00 0.000000000000000000e+00
0.000000000000000000e+00 0.000000000000000000e+00 0.000000000000000000e+00
