-3.543781785213942492e-02 1.798201798201798096e-01
2.093342243369405165e-01 1.000000000000000000e+00
-6.946996032949820377e-02 1.878121878121878086e-01
-9.968774306001701446e-02 3.956043956043955867e-01
1.031888226285699109e-02 9.990009990009990001e-04
-2.330159057766043734e-02 2.787212787212787202e-01
-1.018836748079814114e-01 1.218781218781218728e-01
9.937918419824015581e-02 3.256743256743256931e-01
-5.444488138665307467e-03 3.096903096903096814e-02
-2.301270645612630075e-02 4.215784215784215694e-01
-1.337295705271099033e-01 1.000000000000000000e+00
-1.189293056250157743e-01 4.755244755244755206e-01
3.068507230803626529e-01 9.990009990009990001e-04
1.043848082573109043e-01 9.090909090909091161e-02
8.373938655199650305e-02 9.990009990009990001e-04
-1.264156684754744464e-01 3.666333666333666530e-01
-2.185277203219153364e-01 3.596403596403596192e-01
-1.815121183976181607e-01 2.037962037962038064e-01
-4.387092021078720094e-02 3.696303696303696040e-01
-8.796314849623489140e-02 3.276723276723276790e-01
-2.335799234109423306e-01 5.354645354645354294e-01
7.886315159636654581e-02 1.738261738261738243e-01
-1.677518246160963344e-01 7.702297702297702386e-01
-2.260476517930156207e-03 4.795204795204795201e-02
2.331099022719078095e-01 9.990009990009990001e-04
-5.382065867033175577e-02 2.817182817182817267e-01
-6.614453422141952643e-02 8.191808191808191975e-02
-1.304604554335833111e-01 3.546453546453546268e-01
-2.688775386812106670e-03 5.394605394605394427e-02
-9.467900287699583528e-02 9.590409590409590401e-02
1.232458402244664825e-01 9.990009990009990001e-04
2.059536427849531226e-01 9.990009990009990001e-04
1.428962253359321866e-01 9.890109890109889668e-02
-2.059858838253835617e-02 5.194805194805195148e-02
9.276521783432449542e-02 1.018981018981019032e-01
1.411062114616870866e-01 1.000000000000000000e+00
-7.726050153212996041e-02 2.397602397602397600e-02
-3.283114708013996907e-02 4.595404595404595227e-02
1.561602521995211768e-01 9.990009990009990001e-04
1.008920230943964186e-01 1.898101898101898014e-02
-4.664386557396050376e-02 9.990009990009990001e-04
-2.376510918222965799e-02 7.992007992007992001e-03
8.736354633885558274e-02 9.990009990009990001e-04
-1.872543316888995169e-01 4.995004995004995001e-03
3.255522391245897068e-06 1.000000000000000000e+00
-8.228683283050416963e-02 9.990009990009990001e-03
1.109209470899332334e-01 9.990009990009990001e-04
1.921712627087664993e-01 9.990009990009990001e-04
-1.003610097340292689e-01 9.990009990009990001e-04
-6.752393706550309516e-02 4.195804195804195974e-02
1.031704051464315403e-01 6.893106893106892841e-02
-9.948996827763284534e-02 4.895104895104895187e-02
-9.310126505067528591e-02 2.197802197802197974e-02
2.314568022010646958e-02 2.997002997002997174e-02
-2.034942925465986763e-01 4.995004995004995001e-03
1.763128880272721577e-01 2.397602397602397600e-02
-1.939344003790796078e-01 3.996003996003996001e-03
-2.001210751861107542e-02 9.990009990009990001e-04
2.438927690050958497e-01 9.990009990009990001e-04
-1.753920631567862723e-02 9.990009990009990001e-03
-3.651018831498631378e-02 9.990009990009990001e-04
-1.404378797940617485e-01 3.996003996003996001e-03
5.193569642846024986e-02 1.998001998001998000e-03
-6.012190501707566706e-03 2.997002997002997000e-03
2.295378916116296297e-01 9.990009990009990001e-04
1.071142015878158160e-01 9.990009990009990001e-04
1.937943104017553816e-03 1.188811188811188801e-01
1.155000192899309913e-01 9.990009990009990001e-03
