-9.347342386358176158e-02 9.290709290709290302e-01
-1.040615360866046779e-01 9.920079920079920566e-01
-9.080741312016125943e-02 9.940059940059939869e-01
-9.903837092089316785e-02 9.690309690309690804e-01
-9.415268992156840266e-02 6.763236763236762927e-01
-6.721880256282149191e-02 7.502497502497502690e-01
-4.463592882129898548e-02 9.400599400599400912e-01
-8.721556786656625704e-02 9.990009990009990348e-01
-9.487592521974710924e-02 9.600399600399600608e-01
-2.986709313608013755e-02 9.880119880119879738e-01
-9.377472098249158006e-02 9.910089910089909804e-01
-5.635355369786487767e-03 1.000000000000000000e+00
-1.964004901501035724e-02 9.990009990009990348e-01
-6.431328612568013026e-02 9.950049950049949521e-01
7.744762204088796731e-03 7.912087912087911734e-01
9.428591296575301482e-05 9.910089910089909804e-01
2.665575279251020460e-02 9.910089910089909804e-01
-4.365880245808215210e-02 1.000000000000000000e+00
-4.241410441853421531e-02 9.900099900099900152e-01
-3.877359426213296267e-02 9.880119880119879738e-01
-5.523818334730916380e-02 1.000000000000000000e+00
-1.732687815141750395e-02 8.841158841158841541e-01
-2.827814888364608981e-02 9.920079920079920566e-01
-3.264978029688409694e-02 9.890109890109890500e-01
-3.119873818639379986e-02 9.930069930069930217e-01
-5.671366488291665342e-02 9.840159840159840021e-01
-2.854963671883127899e-02 9.980019980019979586e-01
-2.068644250552487476e-02 9.130869130869130323e-01
-1.060115868029867514e-01 9.770229770229770239e-01
-3.559828391997620772e-02 8.721278721278721280e-01
-8.449445037222923227e-02 9.870129870129870087e-01
-5.573430522528603770e-02 9.900099900099900152e-01
-5.177062934581051074e-02 9.930069930069930217e-01
-4.102061622908743238e-02 9.950049950049949521e-01
-3.578294945898749524e-02 9.760239760239760587e-01
-3.219532720693066979e-02 9.870129870129870087e-01
-3.133156437183299420e-02 9.990009990009990348e-01
-3.145583082666391500e-02 9.930069930069930217e-01
-5.193487400019346917e-02 9.650349650349649977e-01
-3.293018443320432781e-02 9.940059940059939869e-01
5.036567353006876375e-04 9.930069930069930217e-01
6.434761058243622378e-02 8.351648351648351953e-01
-4.586440218015327280e-02 9.480519480519480346e-01
-3.428554239083726057e-02 9.730269730269730521e-01
-4.773046076685876632e-02 9.890109890109890500e-01
-4.966589121330754891e-02 8.721278721278721280e-01
3.690816094376188350e-02 7.412587412587412494e-01
5.991377531490341309e-03 7.032967032967033516e-01
-2.584201676847201062e-03 8.111888111888111430e-01
-6.166251988091230041e-02 7.902097902097902082e-01
-3.982578343341646593e-02 8.041958041958041647e-01
3.229683183052393936e-02 9.350649350649350433e-01
-7.068804629592362332e-02 9.730269730269730521e-01
5.889480981827300426e-02 8.941058941058941389e-01
4.311471876755943768e-03 9.990009990009990001e-04
6.718801718484621044e-02 9.990009990009990001e-04
-6.399312056027478546e-02 1.000000000000000000e+00
-6.688929306514514173e-02 1.000000000000000000e+00
8.285136194947423025e-03 1.000000000000000000e+00
-1.875758337979078691e-02 1.000000000000000000e+00
-5.604249595081050445e-02 2.097902097902097918e-01
-7.804550394904961885e-02 8.181818181818182323e-01
-5.031135832111705702e-02 8.621378621378621432e-01
-5.399549840411914381e-02 6.663336663336663079e-01
1.331830099149756107e-02 5.514485514485514273e-01
-9.925111499303276158e-03 6.253746253746254036e-01
-3.891293326233511568e-02 4.225774225774225901e-01
-3.294284412323970207e-02 7.622377622377621842e-01
-2.689097830731672009e-02 7.432567432567432908e-01
2.705422595078538564e-02 6.933066933066932558e-01
-5.424144056797251812e-02 5.564435564435564752e-01
-5.355534408423847509e-02 3.686313686313686389e-01
-1.306123575720056183e-02 9.990009990009990001e-04
-2.483713362640918923e-02 3.976023976023976281e-01
-4.430664764113519810e-02 9.690309690309689694e-02
-2.982586216210172253e-02 6.343656343656343122e-01
-4.445269989040438047e-02 5.464535464535464904e-01
-3.038619347371943058e-02 7.782217782217781821e-01
-7.367591258265766829e-02 6.633366633366633014e-01
-9.039142614739673065e-02 5.554445554445553990e-01
-5.658637226029750167e-02 2.297702297702297614e-01
-6.772969091958698507e-02 8.991008991008991869e-03
2.918133743349936998e-02 1.148851148851148807e-01
1.667535045942207250e-01 1.358641358641358710e-01
1.827768960639802182e-02 3.286713286713286442e-01
6.632508492161987013e-02 9.790209790209790375e-02
-2.697338953643332177e-02 2.327672327672327679e-01
1.624549396287228442e-01 3.296703296703296787e-02
6.877530258496032667e-02 2.297702297702297614e-02
4.590809583250486658e-02 1.708291708291708177e-01
6.876157663808529774e-02 1.798201798201798374e-02
6.766653152469433163e-02 6.193806193806193627e-02
5.889254727950876678e-02 3.596403596403596747e-02
4.759866229302414653e-02 4.695304695304695214e-02
6.496453136143728879e-02 1.178821178821178872e-01
-8.168922373762947664e-02 2.117882117882117776e-01
-7.071370475393337629e-02 7.992007992007992001e-03
-3.263873625507447696e-02 8.791208791208791895e-02
-5.755773422130816552e-02 1.178821178821178872e-01
1.224285632629995221e-02 3.566433566433566682e-01
-5.513903217768639613e-03 5.044955044955045098e-01
-1.021018181223337130e-02 4.575424575424575369e-01
6.327453378845496884e-03 2.707292707292707212e-01
3.884102747422111396e-02 2.357642357642357744e-01
-6.630202098236447072e-02 1.978021978021977934e-01
1.046199899867959401e-02 1.508491508491508482e-01
-1.501791107313200403e-02 2.117882117882117776e-01
-6.675731195103486171e-02 3.106893106893107159e-01
1.247318781806243670e-01 6.793206793206793548e-02
3.249144401319953301e-02 3.896103896103896014e-02
-4.874178145739983120e-02 1.108891108891108951e-01
-1.521512458774875939e-02 6.693306693306692867e-02
-4.411176011334109158e-03 1.498501498501498587e-02
1.708131284481507681e-02 1.798201798201798374e-02
3.557778887208576293e-03 3.296703296703296787e-02
2.150210441896948169e-02 9.990009990009990001e-04
3.396217957959717787e-02 2.997002997002997000e-03
-3.212758983032032445e-02 1.998001998001998000e-03
1.698721627947282972e-02 2.997002997002997000e-03
4.747845339478189153e-03 1.498501498501498587e-02
-1.019283263267469763e-01 3.996003996003996001e-03
-5.418088721814729586e-02 4.995004995004995001e-03
9.404534253321247816e-02 1.688311688311688319e-01
-1.088305713279167086e-01 4.995004995004995001e-03
-2.103770759845240493e-02 1.998001998001998000e-03
1.353728383781556688e-01 1.498501498501498587e-02
-8.719415608638333981e-02 6.993006993006993001e-03
2.131718904387171556e-02 4.995004995004995001e-03
1.528561550667143290e-02 5.994005994005994001e-03
-9.294238448645894546e-02 9.990009990009990001e-04
9.035566565571812037e-02 4.995004995004995001e-03
-6.054576388380222829e-02 9.990009990009990001e-04
-1.477023026674803216e-02 1.698301698301698387e-02
-8.298760690161151310e-02 1.498501498501498587e-02
-2.194936060542955134e-02 1.998001998001998000e-03
-2.284516773544693208e-02 9.990009990009990001e-04
-1.609646845104233809e-02 9.990009990009990001e-04
2.555106820420881622e-02 9.990009990009990001e-04
-1.408692259659167882e-02 9.990009990009990001e-04
1.304923938878053795e-03 9.990009990009990001e-04
1.901043548551923854e-02 1.998001998001998000e-03
2.096039422058018978e-02 2.997002997002997000e-03
-4.766515169765832283e-02 9.990009990009990001e-04
9.557661552277996186e-03 1.998001998001998000e-03
7.088245683263331987e-02 9.990009990009990001e-04
1.869499755371379357e-01 9.990009990009990001e-04
5.679794176213930068e-02 9.990009990009990001e-04
-6.333616805043405795e-02 7.992007992007992001e-03
-3.890200586420639733e-02 1.998001998001998000e-03
2.568927938350168069e-02 9.990009990009990001e-04
4.578009651232074068e-02 9.990009990009990001e-04
6.724810236552046516e-03 1.000000000000000000e+00
1.517046118684848253e-02 2.497502497502497587e-02
6.433247768313227199e-02 5.994005994005994001e-03
2.481024784257440663e-02 9.990009990009990001e-04
1.650344454796725813e-01 1.998001998001998000e-03
-1.439289935895303810e-03 9.990009990009990001e-04
1.948258880802669624e-01 1.998001998001998000e-03
1.101018380342610181e-01 9.990009990009990001e-04
3.856728002149643897e-02 9.990009990009990001e-04
1.082672956777906981e-01 9.990009990009990001e-04
4.730423170792971005e-02 9.990009990009990001e-04
-2.529308835306147418e-02 9.990009990009990001e-04
5.672055235782192881e-03 1.000000000000000000e+00
3.236085297952073087e-02 9.990009990009990001e-04
6.492099186653762198e-03 9.990009990009990001e-04
-1.335576579106279374e-02 1.998001998001998000e-03
-5.713632741918473444e-03 9.990009990009990001e-04
3.220966466341497469e-02 4.995004995004995174e-02
4.638769304793036868e-02 1.998001998001998000e-03
-1.875534295163448772e-02 9.990009990009990001e-04
-4.894042803378189851e-03 9.990009990009990001e-04
5.497985145622674014e-02 9.990009990009990001e-04
-2.829188242098351971e-02 9.990009990009990001e-04
-7.943775364611521672e-03 9.990009990009990001e-04
1.698730116282020364e-01 9.990009990009990001e-04
-6.986821305223780976e-02 6.993006993006993001e-03
4.803693181178779470e-02 7.392607392607392081e-02
1.199295043811127448e-01 9.990009990009990001e-04
1.913821385506090378e-01 9.990009990009990001e-04
2.069238208049878347e-01 9.990009990009990001e-04
-1.915992737837894991e-02 9.990009990009990001e-04
1.866544338543283830e-03 9.990009990009990001e-04
9.994289200458235031e-03 9.990009990009990001e-04
3.045116936803975854e-02 2.997002997002997000e-03
2.238766289933511247e-02 9.990009990009990001e-04
3.674660496234301299e-02 1.098901098901098987e-02
1.353796222130969513e-02 9.990009990009990001e-04
-8.751494325541224473e-02 1.398601398601398600e-02
1.147574361179503899e-01 9.990009990009990001e-04
2.376062147237787137e-01 7.992007992007992001e-03
2.338628281325327851e-01 2.997002997002997000e-03
1.666605497252986179e-01 9.990009990009990001e-04
2.053769604631603130e-01 9.990009990009990001e-04
2.022399450765529072e-01 9.990009990009990001e-04
1.163925230018390822e-01 9.990009990009990001e-04
2.056809123365816727e-01 9.990009990009990001e-04
-8.634303495822261143e-02 1.098901098901098987e-02
-5.280364063342710829e-02 9.990009990009990001e-04
-7.162626808179917148e-02 2.997002997002997000e-03
