-2.070585041489621594e-02 3.966033966033966074e-01
-7.700394869670080904e-03 6.513486513486513863e-01
3.657046443567751187e-02 6.653346653346653428e-01
-5.810088242177299106e-02 6.373626373626373187e-01
1.567256458962018248e-02 3.036963036963036822e-01
1.396092861545417466e-02 5.794205794205794513e-01
-2.999501565847436518e-02 3.846153846153846367e-01
1.435978555655272569e-02 9.300699300699301064e-01
1.495160785812358305e-02 5.344655344655344642e-01
-3.518918398293067323e-02 6.243756243756243274e-01
-7.842356029312044091e-03 7.132867132867133364e-01
-2.203331276477690087e-02 7.602397602397602538e-01
-5.019913573602392126e-02 9.390609390609390150e-01
-3.792615605984460403e-02 8.651348651348651497e-01
5.635507548688428042e-02 4.775224775224775065e-01
4.759995139003327796e-02 6.783216783216783341e-01
-8.481337234895020786e-04 7.252747252747252515e-01
-1.173318870153693266e-01 9.320679320679320368e-01
-7.662586108577967847e-02 8.581418581418581715e-01
-1.263263559420937099e-01 8.471528471528471105e-01
-9.729077088638792004e-02 9.810189810189809956e-01
1.978488715773769825e-04 6.833166833166832710e-01
-1.448270905914258999e-01 9.190809190809190454e-01
-1.373221394402083795e-01 9.100899100899101368e-01
-6.672482427724435450e-02 9.030969030969030475e-01
-9.489886901307910405e-02 8.921078921078920976e-01
-1.368481631936619425e-01 9.450549450549450281e-01
-7.232464166789366600e-02 8.741258741258741694e-01
-7.480277147547842453e-02 8.611388611388611780e-01
-1.307598935011308749e-01 7.442557442557442560e-01
5.612580806371834236e-02 5.644355644355644186e-01
1.082553011609010546e-01 8.101898101898101778e-01
-5.944770804528844849e-02 7.492507492507493039e-01
-8.464613749881563787e-02 9.540459540459540477e-01
-8.396364727008348572e-02 8.981018981018981107e-01
-6.501268448370184361e-02 8.561438561438561301e-01
-6.645012072256324676e-02 9.120879120879120672e-01
-6.660170332804250803e-02 9.000999000999001520e-01
7.140175014101905748e-03 5.324675324675324228e-01
-6.999593958746154476e-02 9.250749250749250585e-01
-6.110517020746607242e-02 9.110889110889111020e-01
-1.956649133144976876e-02 5.844155844155843882e-01
-9.415386941730038983e-02 7.652347652347651907e-01
-7.690173679742315187e-03 6.843156843156843472e-01
-5.123221024615073199e-02 8.981018981018981107e-01
-3.888288656505798496e-02 4.555444555444555510e-01
1.913958084919593211e-02 5.964035964035964144e-01
-4.101687152370483286e-02 5.174825174825175012e-01
-4.194751641927948332e-02 8.001998001998001930e-01
-1.196667644436118227e-01 6.973026973026973385e-01
-8.649169688553063479e-03 4.555444555444555510e-01
5.094399796725963131e-02 7.592407592407592887e-01
1.843694413738723378e-02 6.023976023976024274e-01
-2.084817272092133814e-02 8.481518481518481867e-01
-4.542603418707365920e-02 9.990009990009990001e-04
9.014628810064671816e-02 9.990009990009990001e-04
5.101242144627909925e-02 9.990009990009990001e-04
7.720484858951717766e-02 9.990009990009990001e-04
1.414909906102860271e-01 9.990009990009990001e-04
4.170102922358964737e-02 1.000000000000000000e+00
-2.351331308144998314e-02 9.990009990009990001e-04
-4.767240672214794611e-02 6.593406593406593574e-02
-3.905510775459807710e-02 4.655344655344655358e-01
1.135390511615319425e-01 3.096903096903096814e-02
-7.747844027333204708e-02 4.785214785214785271e-01
-3.104773762139173901e-02 6.493506493506492894e-02
-5.089499010189792519e-03 6.293706293706294308e-02
-7.725343864554688224e-03 3.596403596403596192e-01
-4.812962012374478321e-02 2.447552447552447663e-01
-4.587413327733166207e-02 2.937062937062936974e-01
2.902829444613573562e-02 3.996003996003996001e-03
7.568950337432198139e-02 7.592407592407592054e-02
1.233141377680821299e-01 9.990009990009990001e-04
1.156934760356979341e-01 1.198801198801198800e-02
1.429040734184037209e-01 9.990009990009990001e-04
6.334859557111885420e-02 1.498501498501498587e-02
8.778105502185949705e-02 4.995004995004995001e-03
1.561259704416348947e-02 1.988011988011988140e-01
-2.148858537565883145e-02 6.493506493506492894e-02
-4.162485667920862858e-02 7.992007992007992001e-03
-2.329782856891500845e-02 1.998001998001998000e-03
2.042491911476953387e-02 9.990009990009990001e-04
-3.929463769019082148e-02 9.890109890109889668e-02
2.512853359242293583e-01 8.991008991008991869e-03
-2.780321614370069930e-02 6.793206793206793548e-02
1.046701424769715810e-01 9.990009990009990001e-04
-7.291611850763173031e-02 6.493506493506492894e-02
1.500563533405429861e-01 3.996003996003996001e-03
1.918174967127339245e-02 9.990009990009990001e-04
8.517125823821948549e-02 2.297702297702297614e-01
2.081474614745930027e-02 9.990009990009990001e-04
-1.355481871595608755e-02 1.098901098901098987e-02
6.275691426751054541e-03 9.990009990009990001e-04
7.207458114467064220e-03 9.990009990009990001e-04
-1.825100127249039417e-02 1.308691308691308786e-01
3.899920177260005755e-02 5.994005994005994001e-03
7.533128255733904932e-02 9.990009990009990001e-04
1.004040332322106016e-01 3.996003996003996001e-03
4.268481270108337444e-02 9.990009990009990001e-04
7.711941781575523680e-02 8.291708291708291267e-02
9.207350986013471128e-02 2.937062937062936974e-01
1.367832057321489471e-02 2.477522477522477451e-01
2.860982077162604192e-02 1.298701298701298579e-01
-3.026368459364841071e-02 1.818181818181818232e-01
-1.072258632206925938e-01 1.108891108891108951e-01
-5.192284450228940723e-02 6.393606393606393601e-02
8.770391221435018536e-03 1.708291708291708177e-01
-1.092993823682031906e-01 7.992007992007992001e-02
3.189076053889347562e-02 7.992007992007992001e-02
1.494262181815642944e-02 6.293706293706294308e-02
-6.871070496361696145e-02 1.068931068931068956e-01
-7.398682029075724642e-02 1.128871128871128809e-01
7.115712151670009616e-03 7.892107892107892708e-02
-7.039653261265055306e-02 7.692307692307692735e-02
-4.497395033384005147e-02 6.493506493506492894e-02
5.223621337337026188e-02 1.398601398601398600e-02
7.273495110909623806e-02 2.497502497502497587e-02
5.346036256937945069e-02 4.295704295704295961e-02
4.471055041571685151e-02 3.896103896103896014e-02
-1.150894767581244899e-01 1.188811188811188801e-01
-1.216570132212789618e-01 6.493506493506492894e-02
-1.189492764458988106e-01 1.618381618381618259e-01
1.028895490375159455e-01 4.665334665334665565e-01
-1.210540349551448153e-01 1.288711288711288649e-01
-1.170708663382555581e-01 8.291708291708291267e-02
-7.967601713658665737e-04 2.157842157842157771e-01
-1.209589341478666813e-01 1.748251748251748172e-01
-7.430827377316444327e-02 1.588411588411588471e-01
-1.148174074871373268e-01 1.198801198801198870e-01
-1.161489733650124673e-01 7.892107892107892708e-02
-6.456709789875578198e-02 1.698301698301698248e-01
-4.514274710707974481e-02 1.188811188811188801e-01
-5.204728906504084429e-02 3.006993006993006756e-01
-1.203847460574840600e-01 1.668331668331668460e-01
4.651418140682138380e-02 2.897102897102897187e-02
1.812618378455129603e-02 2.297702297702297614e-02
-2.175866761797892734e-02 1.448551448551448628e-01
1.220645498373972362e-02 2.497502497502497587e-02
-4.826144462551634762e-02 1.408591408591408634e-01
-5.438195417239732876e-02 1.598401598401598400e-02
-7.024039237953666470e-02 5.694305694305694387e-02
-7.441388524377610947e-02 7.392607392607392081e-02
-8.533698699315774711e-03 3.596403596403596747e-02
-7.579171372269659368e-02 1.128871128871128809e-01
-8.221011216383826425e-02 6.393606393606393601e-02
-6.793437773870574653e-03 2.497502497502497587e-02
-1.954908176995164004e-02 4.095904095904095987e-02
7.648682357094736817e-02 2.197802197802197974e-02
5.987718013080778334e-02 1.398601398601398600e-02
2.531338287251941668e-02 4.195804195804195974e-02
-9.754390774351949511e-02 3.396603396603396774e-02
9.721044457802319183e-02 1.000000000000000000e+00
9.465476014254850523e-02 1.678321678321678390e-01
5.724837371978196837e-02 4.095904095904095987e-02
5.699018055387347625e-02 6.493506493506492894e-02
7.653624093653244032e-02 4.495504495504495240e-02
5.118938640518255062e-02 1.398601398601398600e-02
2.285933336411428204e-03 9.390609390609390428e-02
6.321198867213347061e-02 9.990009990009990001e-04
4.405192368841109873e-02 9.990009990009990001e-04
1.127074525755128037e-01 9.990009990009990001e-04
9.358492971383666759e-02 9.990009990009990001e-04
4.050228391421597379e-02 9.990009990009990001e-04
7.439333379784257572e-02 9.990009990009990001e-04
2.954523489170241685e-02 1.998001998001998000e-03
1.626132428478965428e-02 3.996003996003996001e-03
-1.092885394627516119e-02 9.990009990009990001e-04
1.146143670247506685e-01 9.990009990009990001e-04
6.494208624493148785e-02 1.188811188811188801e-01
1.254907636574298900e-02 1.998001998001998000e-03
3.510001474783262798e-02 9.990009990009990001e-04
9.197239209382661665e-03 1.698301698301698387e-02
2.736273417446759282e-02 6.993006993006993001e-03
1.880150562697782690e-02 8.991008991008991869e-03
1.632960292830139964e-02 8.991008991008991869e-03
4.049360674221316909e-03 9.990009990009990001e-04
2.934400841240780017e-02 2.997002997002997000e-03
1.572213943896326183e-01 2.397602397602397600e-02
1.592883011120140302e-01 9.990009990009990001e-04
5.224828221421390362e-02 1.398601398601398600e-02
1.107237688334173145e-02 2.997002997002997000e-03
3.985222330068098791e-03 9.990009990009990001e-04
5.201582773932945936e-02 9.990009990009990001e-04
6.143236510726579613e-02 9.990009990009990001e-04
1.399029396769098099e-01 9.990009990009990001e-04
1.787849623543034394e-01 9.990009990009990001e-04
9.475562299140528888e-02 1.198801198801198800e-02
2.012680215218868585e-01 9.990009990009990001e-04
1.037445251515305145e-01 4.695304695304695214e-02
9.938863342275177856e-03 4.995004995004995001e-03
1.332530231959430100e-01 1.998001998001998000e-03
1.633309744999878743e-01 1.998001998001998000e-03
1.510258495621918662e-01 9.990009990009990001e-04
6.402387000610752776e-02 9.990009990009990001e-04
6.621452957727465283e-02 9.990009990009990001e-04
2.041977693717918207e-02 9.990009990009990001e-04
3.624936496173274819e-02 9.990009990009990001e-04
5.062176830816547679e-02 5.994005994005994001e-03
1.126231784433529698e-01 9.990009990009990001e-04
2.383590456976566324e-02 1.998001998001998000e-03
