-7.017704473077797378e-02 5.994005994005994209e-01
-3.884952916378339033e-02 1.000000000000000000e+00
6.758082743214607890e-02 5.494505494505494969e-01
-4.675104425592508522e-03 7.392607392607392081e-01
-9.832712868865602085e-02 1.000000000000000000e+00
-1.750119875758826826e-01 7.132867132867133364e-01
-1.458266462778638473e-01 5.454545454545454142e-01
-9.297534178087439594e-02 6.693306693306693145e-01
-1.904622801258756826e-01 3.626373626373626258e-01
-1.520333841010940434e-01 7.312687312687312646e-01
-6.654662887937409788e-03 1.000000000000000000e+00
-1.574874576368928969e-01 7.112887112887112950e-01
1.827787104963420339e-01 9.990009990009990001e-04
-1.033681127664263510e-01 4.315684315684315542e-01
6.670490739382353707e-02 1.000000000000000000e+00
-2.120360289420137601e-01 7.042957042957043168e-01
-1.123936837177691161e-01 6.023976023976024274e-01
-2.172797996118148653e-03 4.275724275724275825e-01
-2.569593449173901423e-03 5.724275724275724730e-01
-9.636575598885276095e-04 6.883116883116883189e-01
-6.443912558878209240e-02 8.531468531468531236e-01
-4.695074273077544380e-02 5.534465534465534686e-01
-1.023664883867851649e-01 8.651348651348651497e-01
-1.027237483180162281e-01 4.925074925074924836e-01
2.536166669303872023e-01 9.990009990009990001e-04
-7.965042829156485094e-02 5.514485514485514273e-01
5.717858613559551745e-02 3.396603396603396496e-01
-6.893005508119470770e-02 5.334665334665334990e-01
-4.760237627739906385e-02 3.166833166833166735e-01
-9.343782045719353779e-02 1.918081918081918080e-01
1.848852709374325942e-01 9.990009990009990001e-04
7.314615546368462284e-02 9.990009990009990001e-04
6.612084729134035110e-02 2.727272727272727071e-01
3.337255513235337645e-02 1.938061938061937939e-01
-1.746356641183853808e-01 2.387612387612387532e-01
1.846433333469510996e-01 1.000000000000000000e+00
1.986430743881380523e-01 5.894105894105894361e-02
-9.265054101199009240e-03 6.293706293706294308e-02
6.074045698035689111e-02 9.990009990009990001e-04
-2.642182730127368151e-02 5.394605394605394427e-02
-5.184344338981294181e-02 1.998001998001998000e-03
-7.081014356508709418e-02 1.198801198801198800e-02
-1.822251060921692145e-01 1.998001998001998000e-02
-1.153231483922198958e-01 1.498501498501498587e-02
3.033507383708172744e-02 9.990009990009990001e-04
2.443955484523185895e-02 1.998001998001998000e-03
3.281918997843764063e-01 9.990009990009990001e-04
-9.552121225630835419e-03 9.990009990009990001e-04
-6.691858625469698785e-02 1.000000000000000000e+00
-6.940520325730914486e-02 3.396603396603396774e-02
1.159185104388825022e-01 1.298701298701298787e-02
1.103097696821807028e-01 1.198801198801198800e-02
1.225745397655600560e-01 8.991008991008991869e-03
1.845473840811686916e-01 1.498501498501498587e-02
-1.725075964274637719e-01 1.998001998001998000e-03
1.101256211621469555e-01 5.394605394605394427e-02
-6.864739952475957391e-03 9.990009990009990001e-04
-1.216158679377153939e-01 9.990009990009990001e-04
2.652564687382653053e-01 9.990009990009990001e-04
-6.644179333506672336e-02 9.990009990009990001e-04
2.323552052058167339e-01 9.990009990009990001e-04
3.322999577499308882e-04 9.990009990009990001e-04
3.054587145732657119e-02 9.990009990009990001e-04
1.184269913262689898e-02 9.990009990009990001e-04
1.959476912633065504e-01 9.990009990009990001e-04
1.973216170449464957e-01 9.990009990009990001e-04
-2.339489147421793674e-02 1.758241758241758379e-01
-4.569142761410092263e-02 9.990009990009990001e-04
