-3.048598245348629540e-02 8.050704472054370786e-01 4.884999999999999898e-01
-1.503386878118323500e-03 9.902920546568053650e-01 5.055000000000000604e-01
-7.273575309298301039e-02 5.555554805501411453e-01 3.504999999999999782e-01
-1.867331667290757224e-02 8.798633762778327316e-01 4.435000000000000053e-01
7.220643754992710217e-02 5.584434927272257099e-01 2.130000000000000226e-01
-3.831363388364759232e-02 7.564098445227923628e-01 4.180000000000000382e-01
7.654296032699005325e-02 5.349954830695463626e-01 2.225000000000000033e-01
-1.847984811365198932e-01 1.313852438093854047e-01 1.089999999999999997e-01
2.532042661573291609e-01 3.721965427833929391e-02 2.149999999999999828e-02
-1.046655838030587371e-01 3.956424153448756531e-01 1.990000000000000102e-01
3.529260652646057372e-02 7.750897899708493188e-01 3.275000000000000133e-01
-1.200815649559498072e-02 9.225759696428021961e-01 4.490000000000000102e-01
4.121642809220561754e-02 7.385909125151459698e-01 3.265000000000000124e-01
-6.713058652023536077e-02 5.864937475125168165e-01 3.669999999999999929e-01
1.228259502621459054e-01 3.183495357187109409e-01 1.425000000000000155e-01
-6.844125890411194291e-02 5.791898462839141226e-01 3.165000000000000036e-01
-5.838438122973110128e-02 6.362647596208678147e-01 3.855000000000000093e-01
-7.431763881044485542e-02 5.469672343865323860e-01 3.744999999999999996e-01
-2.165803685017207159e-01 7.606694280684545006e-02 5.999999999999999778e-02
1.134079876548868202e-02 9.268666974471998499e-01 4.695000000000000284e-01
-7.194090155160552669e-02 5.598949708146753190e-01 3.049999999999999933e-01
1.134851465422769684e-01 3.568134492690778758e-01 1.804999999999999938e-01
-1.407917735225446276e-01 2.521308475424756113e-01 1.505000000000000226e-01
1.677962540179296080e-01 1.713904496957437407e-01 7.649999999999999856e-02
3.044047498604218749e-01 1.160764926700137180e-02 8.000000000000000167e-03
-3.542921619592334648e-02 7.742422497269720871e-01 4.520000000000000129e-01
-1.949905305377907377e-02 8.745929690281480928e-01 5.324999999999999734e-01
-6.657692697013747885e-02 5.895915724101845612e-01 2.929999999999999827e-01
-9.879101241840444747e-03 9.362716705028614195e-01 5.064999999999999503e-01
-7.474206629388327472e-02 5.446739432197230668e-01 3.435000000000000275e-01
1.144735138151773274e-01 3.526133772145203515e-01 1.305000000000000049e-01
2.078129791476886895e-02 8.664196615299901705e-01 3.780000000000000027e-01
-2.312798751207015280e-02 8.514980326463722493e-01 4.575000000000000178e-01
-1.997041251913765636e-02 8.715868548052140286e-01 4.645000000000000240e-01
-2.786271015077747271e-02 8.215546949048424530e-01 4.304999999999999938e-01
7.633885101484427782e-02 5.360881456098909315e-01 2.904999999999999805e-01
7.556300402917265346e-02 5.402514930619675138e-01 2.864999999999999769e-01
-5.813858471713902881e-02 6.376883630803712455e-01 3.724999999999999978e-01
9.211863099421789547e-02 4.549808713472414112e-01 2.725000000000000200e-01
-1.209576715816506887e-01 3.258222193859457438e-01 1.990000000000000102e-01
1.055011503457288641e-01 3.918603263936799586e-01 2.279999999999999805e-01
2.605572204524349289e-02 8.329549457428383485e-01 4.149999999999999800e-01
2.244471919830253459e-01 6.575677068969526529e-02 3.200000000000000067e-02
6.449459770331139596e-02 6.013080118539156915e-01 2.990000000000000435e-01
4.871036301170568461e-02 6.932390617506479780e-01 4.154999999999999805e-01
-3.666262819130602230e-02 7.666020484181821359e-01 4.390000000000000013e-01
2.821739234560298737e-01 1.973660689633770920e-02 1.800000000000000211e-02
-1.715862816019556036e-03 9.889200969196461077e-01 4.889999999999999902e-01
2.242001431968866920e-01 6.606247887221469717e-02 4.549999999999999878e-02
-9.957713379318092195e-02 4.191359279435109553e-01 2.710000000000000187e-01
-9.770048322018606846e-02 4.279987120364680542e-01 1.970000000000000084e-01
5.608238944035830176e-03 9.637967247525027759e-01 4.855000000000000426e-01
2.983635423767948963e-02 8.091450311542243146e-01 4.224999999999999867e-01
-6.736320105348686527e-02 5.851944304322050927e-01 3.704999999999999960e-01
-9.574895488774616548e-02 4.373271364406432493e-01 2.854999999999999760e-01
1.062185381657330813e-01 3.886303238385535597e-01 2.164999999999999980e-01
-9.194474187474377391e-02 4.558361926275147358e-01 2.934999999999999831e-01
1.940583354840034747e-01 1.128090918476137849e-01 4.900000000000000189e-02
3.725154916478649048e-01 1.758137679044328256e-03 2.000000000000000042e-03
7.974228184546248988e-02 5.180132037904285891e-01 2.834999999999999742e-01
1.172358721509606655e-01 3.410376857707854703e-01 1.844999999999999973e-01
-4.435573521938208919e-02 7.194736328981101714e-01 4.030000000000000249e-01
5.315783330403292539e-03 9.656834657417623369e-01 4.719999999999999751e-01
-7.729148675693481296e-02 5.309977957600557907e-01 3.109999999999999987e-01
9.928794858054300343e-02 4.204947352474344147e-01 2.294999999999999818e-01
2.122899065929074736e-01 8.221049398932153696e-02 6.750000000000000444e-02
8.710234000747842098e-02 4.800066612843771896e-01 2.474999999999999978e-01
-5.827467622617459042e-02 6.368999869388489721e-01 3.375000000000000222e-01
