-1.207058816038644594e-01 3.268377729547060628e-01 3.084999999999999964e-01
1.257413629412693912e-01 3.069095342189545605e-01 2.079999999999999905e-01
-8.847408224352738826e-02 4.730912292602836300e-01 4.369999999999999996e-01
-6.390361541361161413e-03 9.587519594691067404e-01 4.560000000000000164e-01
-9.664490089633467895e-02 4.330303369902414046e-01 4.349999999999999978e-01
-6.192312741062578479e-02 6.159165359231862924e-01 3.499999999999999778e-01
-2.333079136886875848e-02 8.502108444029825574e-01 5.520000000000000462e-01
-9.814456318556129266e-02 4.258919028185058631e-01 3.765000000000000013e-01
7.542300733778314892e-02 5.410044222314509543e-01 2.444999999999999951e-01
-2.426746508708770358e-02 8.442709232357348270e-01 4.050000000000000266e-01
7.123062178768152508e-02 5.637862763633842977e-01 1.229999999999999982e-01
7.762591846679035845e-02 5.292164804752680363e-01 3.559999999999999831e-01
-5.474391829913886204e-02 6.574813300736466193e-01 4.979999999999999982e-01
-3.757575021751836941e-02 7.609600439877854949e-01 6.234999999999999432e-01
-1.374830551012226620e-01 2.635608973643388531e-01 2.124999999999999944e-01
5.413384647052009446e-03 9.650537816140446479e-01 4.775000000000000355e-01
6.434083808635335244e-02 6.021772123841200308e-01 2.144999999999999962e-01
-4.835873134282421548e-02 6.953446792264682541e-01 6.420000000000000151e-01
-4.385615425818387841e-02 7.225048091958128360e-01 5.879999999999999671e-01
7.084337959076901503e-02 5.659131520159966788e-01 3.419999999999999707e-01
-1.053457542122064605e-01 3.925620806947730523e-01 2.710000000000000187e-01
5.769158977401901700e-02 6.402806135872698423e-01 3.739999999999999991e-01
-3.159558519440750640e-02 7.981228253451233545e-01 4.110000000000000320e-01
-2.179804400757439850e-02 8.599485639459407693e-01 4.725000000000000311e-01
1.001948613366768770e-01 4.162418518495898945e-01 1.769999999999999907e-01
7.532548615602684128e-02 5.415292124557388176e-01 2.294999999999999818e-01
-5.100319602435971628e-02 6.795666070338313158e-01 5.814999999999999059e-01
-3.612008636405279749e-02 7.699600659943517389e-01 3.719999999999999973e-01
-9.355878082154905906e-02 4.479311465381340396e-01 3.089999999999999969e-01
1.119876339827891379e-02 9.277801759196397935e-01 4.364999999999999991e-01
-4.584483722094864766e-02 7.104643008900175527e-01 5.774999999999999023e-01
-1.608536752023755900e-01 1.900629122410435190e-01 2.464999999999999969e-01
-6.186057099007623294e-03 9.600695948932023160e-01 4.695000000000000284e-01
-2.352076532372307516e-02 8.490054407066760511e-01 4.589999999999999636e-01
6.064059525187093930e-02 6.232590414108793997e-01 3.559999999999999831e-01
7.711675415830399061e-02 5.319296711335130823e-01 3.215000000000000080e-01
8.637004390509538110e-03 9.442705563715008132e-01 5.974999999999999201e-01
6.873675239281534788e-03 9.556353341222586506e-01 4.400000000000000022e-01
-3.361187434230239468e-02 7.855383653424339307e-01 3.084999999999999964e-01
-1.389491826369241567e-01 2.584537491563361211e-01 2.364999999999999880e-01
4.102791957545515178e-02 7.397440393519980617e-01 4.194999999999999840e-01
-8.173246529792455028e-03 9.472585264173439823e-01 4.510000000000000120e-01
9.764566971495078351e-02 4.282591692009878881e-01 2.095000000000000195e-01
-5.881032521689397857e-02 6.338008863553175054e-01 4.070000000000000284e-01
2.559569633014017187e-01 3.513692616563644094e-02 6.700000000000000400e-02
-3.795303911545284958e-02 7.586324514147742004e-01 4.465000000000000080e-01
-4.167972772826700895e-02 7.357593036787046792e-01 4.160000000000000364e-01
3.745116303946419145e-02 7.617291200885650815e-01 4.174999999999999822e-01
-3.037517350454581669e-02 8.057650981074565566e-01 4.344999999999999973e-01
-6.400321537340303291e-02 6.040877261012431720e-01 3.915000000000000147e-01
1.047947489830844681e-01 3.950563611985163925e-01 3.195000000000000062e-01
9.081723182541011352e-02 4.614035522383367338e-01 3.039999999999999925e-01
7.971974804451462115e-02 5.181318552488348717e-01 3.614999999999999880e-01
-5.688313093854946434e-02 6.449799896067125449e-01 4.040000000000000258e-01
-6.866630242285755997e-03 9.556807588036204670e-01 5.355000000000000870e-01
3.831411354211967935e-02 7.564068893464221954e-01 4.410000000000000031e-01
-7.106362024159566804e-02 5.647030483015342828e-01 3.634999999999999898e-01
4.746394735331945641e-02 7.007130967852998049e-01 3.815000000000000058e-01
2.155624987261645087e-01 7.749025538659096157e-02 6.149999999999999911e-02
2.492761916533259847e-01 4.036863360279085988e-02 7.549999999999999767e-02
7.695696588569479746e-03 9.503361154006668698e-01 5.130000000000000115e-01
-7.246899358857830653e-02 5.570100630656985574e-01 3.275000000000000133e-01
-1.131552900428673958e-01 3.582220013676044035e-01 2.724999999999999645e-01
6.902624795153539800e-03 9.554486748619472891e-01 5.340000000000000302e-01
4.707748219215859842e-02 7.030363064894102898e-01 3.425000000000000266e-01
-5.690422639903028323e-02 6.448571895283011779e-01 3.049999999999999933e-01
6.816782736227115780e-02 5.807101322479345518e-01 3.175000000000000044e-01
7.136327286052207564e-02 5.630585745027961719e-01 3.475000000000000311e-01
