7.910930511874285365e-02 2.654902874248252775e-01 3.265000000000000124e-01
6.841534512206993990e-02 3.357468336321553504e-01 3.059999999999999942e-01
1.013504993789530739e-01 1.532895235680868939e-01 2.264999999999999791e-01
5.832741413276801984e-02 4.119866353865316855e-01 3.415000000000000258e-01
2.606670830598981081e-02 7.140736708251887999e-01 3.790000000000000036e-01
2.198802799057374135e-02 7.572865758463565022e-01 4.139999999999999791e-01
-4.100452637877584350e-02 5.642777256762325777e-01 4.560000000000000164e-01
8.707426203034857037e-02 2.201883317567841225e-01 2.414999999999999925e-01
-3.230422272208789691e-02 6.497527591982318329e-01 5.230000000000000204e-01
1.810224905821111729e-03 9.797040046063241192e-01 5.090000000000000080e-01
6.810476273435819849e-02 3.379504099651478022e-01 2.824999999999999734e-01
-3.960593862388001041e-02 5.776502204284388320e-01 4.390000000000000013e-01
4.602466766955792127e-02 5.175346361174619769e-01 4.010000000000000231e-01
4.340926681945828786e-02 5.416368816823896593e-01 3.549999999999999822e-01
1.375784151674264502e-02 8.466810590477554799e-01 2.964999999999999858e-01
-9.155834180500366237e-02 1.972505561773593430e-01 4.020000000000000240e-01
-2.601699445100034702e-01 1.987710412151786070e-04 4.349999999999999700e-02
-2.435051372089122035e-01 5.117199611585508592e-04 1.169999999999999929e-01
-1.520782958586157640e-01 3.157491411255099883e-02 2.750000000000000222e-01
-3.195605753285995498e-01 3.979293336907906377e-06 2.000000000000000042e-02
-3.651663871330197986e-01 1.057174032686617240e-07 2.999999999999999889e-02
1.374080506063237728e-01 5.234611652498725315e-02 2.909999999999999809e-01
-3.965844466927064271e-01 6.115899694385113152e-09 5.000000000000000104e-04
-3.785026382390346278e-01 3.271074180786254492e-08 5.000000000000000104e-04
-3.111621128674601500e-01 7.299873865935258777e-06 4.499999999999999833e-02
-4.117291674027431236e-01 1.386530496525160991e-09 1.500000000000000031e-03
-3.227215842241183963e-01 3.151719618761890517e-06 4.500000000000000527e-03
-2.564820866206269367e-01 2.463892592614739044e-04 1.110000000000000014e-01
-2.190837162763325796e-01 1.827976524318008535e-03 2.045000000000000151e-01
-2.573121103835838142e-01 2.348276366458101059e-04 1.099999999999999936e-02
8.352719939775633817e-02 2.396328875503639655e-01 1.430000000000000160e-01
3.306527020931713037e-03 9.629369378894183651e-01 3.574999999999999845e-01
-1.544328513076369536e-01 2.900367711550633221e-02 2.245000000000000051e-01
-3.628929872395104672e-01 1.284448302640429884e-07 7.499999999999999722e-03
-2.374531126558531713e-01 7.102317923695930860e-04 8.350000000000000477e-02
-2.391149541712153104e-01 6.496235976585791995e-04 1.105000000000000010e-01
-6.953661315291803646e-02 3.278680531083402738e-01 4.400000000000000022e-01
-1.713405076852186626e-01 1.527049741689412259e-02 2.080000000000000182e-01
1.087116054647737154e-02 8.785699704980846070e-01 4.799999999999999822e-01
-1.971842594412824834e-01 5.131542917269699654e-03 2.059999999999999887e-01
-2.594534432366445986e-01 2.072913732371541734e-04 1.110000000000000014e-01
-1.854065988176148982e-01 8.577773076373643862e-03 2.434999999999999942e-01
-2.370683066267445516e-01 7.249899244375100421e-04 1.325000000000000067e-01
-3.834856017383409151e-03 9.570201620087875893e-01 5.765000000000000124e-01
-2.372335570416513328e-01 7.186179209945334125e-04 1.270000000000000018e-01
-1.290048433862615029e-01 6.867019695197514040e-02 3.270000000000000129e-01
-1.227550179196334329e-01 8.332842671452567185e-02 3.130000000000000004e-01
-1.025960291168090677e-01 1.482753890796917606e-01 4.074999999999999734e-01
-1.319650829699817174e-01 6.250097063198697955e-02 2.640000000000000124e-01
-1.374043781126808028e-01 5.235247618202306524e-02 2.944999999999999840e-01
-4.471759830192341412e-02 5.295107462647358210e-01 4.179999999999999827e-01
1.708852402530383618e-01 1.554797073162381485e-02 2.114999999999999936e-01
1.150350198235750021e-01 1.047962917509178693e-01 3.004999999999999893e-01
-9.130459421259597141e-02 1.985003382248157200e-01 3.744999999999999996e-01
2.628157407044578453e-01 1.700563345273662839e-04 4.299999999999999656e-02
2.734153054099672242e-01 8.952920757157494859e-05 5.800000000000000294e-02
1.440629444846980300e-01 4.182911137767631599e-02 1.350000000000000089e-01
1.131474551933931011e-01 1.106577024859220215e-01 1.265000000000000013e-01
1.098369465782378235e-01 1.215546997518698880e-01 1.935000000000000053e-01
1.460364002153311802e-01 3.907496523036379371e-02 1.285000000000000031e-01
-1.356943510865008806e-01 5.538417271421111621e-02 3.200000000000000067e-01
-2.610509705146452641e-01 1.887418859791237258e-04 9.249999999999999889e-02
-2.805691192047650162e-01 5.719302450712130054e-05 5.550000000000000072e-02
3.103055193665767153e-02 6.626969353788680905e-01 2.469999999999999973e-01
1.292816711751584580e-01 6.807299733633119521e-02 2.269999999999999796e-01
7.637243422833772666e-02 2.824328991681039347e-01 3.130000000000000004e-01
6.303676861205901108e-03 9.294081119155119808e-01 4.774999999999999800e-01
1.402466510898006322e-02 8.437452036530954658e-01 4.545000000000000151e-01
0.000000000000000000e+00 0.000000000000000000e+00 0.000000000000000000e+00
0.000000000000000000e+00 0.000000000000000000e+00 0.000000000000000000e+00
0.000000000000000000e+00 0.000000000000000000e+00 0.000000000000000000e+00
0.000000000000000000e+00 0.000000000000000000e+00 0.000000000000000000e+00
0.000000000000000000e+00 0.000000000000000000e+00 0.000000000000000000e+00
0.000000000000000000e+00 0.000000000000000000e+00 0.000000000000000000e+00
0.000000000000000000e+00 0.000000000000000000e+00 0.000000000000000000e+00
0.000000000000000000e+00 0.000000000000000000e+00 0.000000000000000000e+00
0.000000000000000000e+00 0.000000000000000000e+00 0.000000000000000000e+00
0.000000000000000000e+00 0.000000000000000000e+00 0.000000000000000000e+00
0.000000000000000000e+00 0.000000000000000000e+00 0.000000000000000000e+00
0.000000000000000000e+00 0.000000000000000000e+00 0.000000000000000000e+00
0.000000000000000000e+00 0.000000000000000000e+00 0.000000000000000000e+00
0.000000000000000000e+00 0.000000000000000000e+00 0.000000000000000000e+00
0.000000000000000000e+00 0.000000000000000000e+00 0.000000000000000000e+00
0.000000000000000000e+00 0.000000000000000000e+00 0.000000000000000000e+00
0.000000000000000000e+00 0.000000000000000000e+00 0.000000000000000000e+00
0.000000000000000000e+00 0.000000000000000000e+00 0.000000000000000000e+00
0.000000000000000000e+00 0.000000000000000000e+00 0.000000000000000000e+00
0.000000000000000000e+00 0.000000000000000000e+00 0.000000000000000000e+00
0.000000000000000000e+00 0.000000000000000000e+00 0.000000000000000000e+00
0.000000000000000000e+00 0.000000000000000000e+00 0.000000000000000000e+00
0.000000000000000000e+00 0.000000000000000000e+00 0.000000000000000000e+00
0.000000000000000000e+00 0.000000000000000000e+00 0.000000000000000000e+00
0.000000000000000000e+00 0.000000000000000000e+00 0.000000000000000000e+00
0.000000000000000000e+00 0.000000000000000000e+00 0.000000000000000000e+00
0.000000000000000000e+00 0.000000000000000000e+00 0.000000000000000000e+00
0.000000000000000000e+00 0.000000000000000000e+00 0.000000000000000000e+00
0.000000000000000000e+00 0.000000000000000000e+00 0.000000000000000000e+00
0.000000000000000000e+00 0.000000000000000000e+00 0.000000000000000000e+00
0.000000000000000000e+00 0.000000000000000000e+00 0.000000000000000000e+00
0.000000000000000000e+00 0.000000000000000000e+00 0.000000000000000000e+00
0.000000000000000000e+00 0.000000000000000000e+00 0.000000000000000000e+00
0.000000000000000000e+00 0.000000000000000000e+00 0.000000000000000000e+00
0.000000000000000000e+00 0.000000000000000000e+00 0.000000000000000000e+00
0.000000000000000000e+00 0.000000000000000000e+00 0.000000000000000000e+00
0.000000000000000000e+00 0.000000000000000000e+00 0.000000000000000000e+00
0.000000000000000000e+00 0.000000000000000000e+00 0.000000000000000000e+00
0.000000000000000000e+00 0.000000000000000000e+00 0.000000000000000000e+00
0.000000000000000000e+00 0.000000000000000000e+00 0.000000000000000000e+00
0.000000000000000000e+00 0.000000000000000000e+00 0.000000000000000000e+00
0.000000000000000000e+00 0.000000000000000000e+00 0.000000000000000000e+00
0.000000000000000000e+00 0.000000000000000000e+00 0.000000000000000000e+00
0.000000000000000000e+00 0.000000000000000000e+00 0.000000000000000000e+00
0.000000000000000000e+00 0.000000000000000000e+00 0.000000000000000000e+00
0.000000000000000000e+00 0.000000000000000000e+00 0.000000000000000000e+00
0.000000000000000000e+00 0.000000000000000000e+00 0.000000000000000000e+00
0.000000000000000000e+00 0.000000000000000000e+00 0.000000000000000000e+00
0.000000000000000000e+00 0.000000000000000000e+00 0.000000000000000000e+00
0.000000000000000000e+00 0.000000000000000000e+00 0.000000000000000000e+00
0.000000000000000000e+00 0.000000000000000000e+00 0.000000000000000000e+00
0.000000000000000000e+00 0.000000000000000000e+00 0.000000000000000000e+00
0.000000000000000000e+00 0.000000000000000000e+00 0.000000000000000000e+00
0.000000000000000000e+00 0.000000000000000000e+00 0.000000000000000000e+00
0.000000000000000000e+00 0.000000000000000000e+00 0.000000000000000000e+00
0.000000000000000000e+00 0.000000000000000000e+00 0.000000000000000000e+00
0.000000000000000000e+00 0.000000000000000000e+00 0.000000000000000000e+00
0.000000000000000000e+00 0.000000000000000000e+00 0.000000000000000000e+00
0.000000000000000000e+00 0.000000000000000000e+00 0.000000000000000000e+00
0.000000000000000000e+00 0.000000000000000000e+00 0.000000000000000000e+00
0.000000000000000000e+00 0.000000000000000000e+00 0.000000000000000000e+00
0.000000000000000000e+00 0.000000000000000000e+00 0.000000000000000000e+00
0.000000000000000000e+00 0.000000000000000000e+00 0.000000000000000000e+00
0.000000000000000000e+00 0.000000000000000000e+00 0.000000000000000000e+00
0.000000000000000000e+00 0.000000000000000000e+00 0.000000000000000000e+00
0.000000000000000000e+00 0.000000000000000000e+00 0.000000000000000000e+00
0.000000000000000000e+00 0.000000000000000000e+00 0.000000000000000000e+00
0.000000000000000000e+00 0.000000000000000000e+00 0.000000000000000000e+00
0.000000000000000000e+00 0.000000000000000000e+00 0.000000000000000000e+00
0.000000000000000000e+00 0.000000000000000000e+00 0.000000000000000000e+00
0.000000000000000000e+00 0.000000000000000000e+00 0.000000000000000000e+00
0.000000000000000000e+00 0.000000000000000000e+00 0.000000000000000000e+00
0.000000000000000000e+00 0.000000000000000000e+00 0.000000000000000000e+00
0.000000000000000000e+00 0.000000000000000000e+00 0.000000000000000000e+00
0.000000000000000000e+00 0.000000000000000000e+00 0.000000000000000000e+00
0.000000000000000000e+00 0.000000000000000000e+00 0.000000000000000000e+00
0.000000000000000000e+00 0.000000000000000000e+00 0.000000000000000000e+00
0.000000000000000000e+00 0.000000000000000000e+00 0.000000000000000000e+00
0.000000000000000000e+00 0.000000000000000000e+00 0.000000000000000000e+00
0.000000000000000000e+00 0.000000000000000000e+00 0.000000000000000000e+00
0.000000000000000000e+00 0.000000000000000000e+00 0.000000000000000000e+00
0.000000000000000000e+00 0.000000000000000000e+00 0.000000000000000000e+00
0.000000000000000000e+00 0.000000000000000000e+00 0.000000000000000000e+00
0.000000000000000000e+00 0.000000000000000000e+00 0.000000000000000000e+00
0.000000000000000000e+00 0.000000000000000000e+00 0.000000000000000000e+00
0.000000000000000000e+00 0.000000000000000000e+00 0.000000000000000000e+00
0.000000000000000000e+00 0.000000000000000000e+00 0.000000000000000000e+00
0.000000000000000000e+00 0.000000000000000000e+00 0.000000000000000000e+00
0.000000000000000000e+00 0.000000000000000000e+00 0.000000000000000000e+00
0.000000000000000000e+00 0.000000000000000000e+00 0.000000000000000000e+00
0.000000000000000000e+00 0.000000000000000000e+00 0.000000000000000000e+00
0.000000000000000000e+00 0.000000000000000000e+00 0.000000000000000000e+00
0.000000000000000000e+00 0.000000000000000000e+00 0.000000000000000000e+00
0.000000000000000000e+00 0.000000000000000000e+00 0.000000000000000000e+00
0.000000000000000000e+00 0.000000000000000000e+00 0.000000000000000000e+00
0.000000000000000000e+00 0.000000000000000000e+00 0.000000000000000000e+00
0.000000000000000000e+00 0.000000000000000000e+00 0.000000000000000000e+00
0.000000000000000000e+00 0.000000000000000000e+00 0.000000000000000000e+00
0.000000000000000000e+00 0.000000000000000000e+00 0.000000000000000000e+00
0.000000000000000000e+00 0.000000000000000000e+00 0.000000000000000000e+00
0.000000000000000000e+00 0.000000000000000000e+00 0.000000000000000000e+00
0.000000000000000000e+00 0.000000000000000000e+00 0.000000000000000000e+00
0.000000000000000000e+00 0.000000000000000000e+00 0.000000000000000000e+00
0.000000000000000000e+00 0.000000000000000000e+00 0.000000000000000000e+00
0.000000000000000000e+00 0.000000000000000000e+00 0.000000000000000000e+00
0.000000000000000000e+00 0.000000000000000000e+00 0.000000000000000000e+00
0.000000000000000000e+00 0.000000000000000000e+00 0.000000000000000000e+00
0.000000000000000000e+00 0.000000000000000000e+00 0.000000000000000000e+00
0.000000000000000000e+00 0.000000000000000000e+00 0.000000000000000000e+00
0.000000000000000000e+00 0.000000000000000000e+00 0.000000000000000000e+00
0.000000000000000000e+00 0.000000000000000000e+00 0.000000000000000000e+00
0.000000000000000000e+00 0.000000000000000000e+00 0.000000000000000000e+00
0.000000000000000000e+00 0.000000000000000000e+00 0.000000000000000000e+00
0.000000000000000000e+00 0.000000000000000000e+00 0.000000000000000000e+00
0.000000000000000000e+00 0.000000000000000000e+00 0.000000000000000000e+00
0.000000000000000000e+00 0.000000000000000000e+00 0.000000000000000000e+00
0.000000000000000000e+00 0.000000000000000000e+00 0.000000000000000000e+00
0.000000000000000000e+00 0.000000000000000000e+00 0.000000000000000000e+00
0.000000000000000000e+00 0.000000000000000000e+00 0.000000000000000000e+00
0.000000000000000000e+00 0.000000000000000000e+00 0.000000000000000000e+00
0.000000000000000000e+00 0.000000000000000000e+00 0.000000000000000000e+00
0.000000000000000000e+00 0.000000000000000000e+00 0.000000000000000000e+00
0.000000000000000000e+00 0.000000000000000000e+00 0.000000000000000000e+00
0.000000000000000000e+00 0.000000000000000000e+00 0.000000000000000000e+00
0.000000000000000000e+00 0.000000000000000000e+00 0.000000000000000000e+00
0.000000000000000000e+00 0.000000000000000000e+00 0.000000000000000000e+00
0.000000000000000000e+00 0.000000000000000000e+00 0.000000000000000000e+00
0.000000000000000000e+00 0.000000000000000000e+00 0.000000000000000000e+00
0.000000000000000000e+00 0.000000000000000000e+00 0.000000000000000000e+00
0.000000000000000000e+00 0.000000000000000000e+00 0.000000000000000000e+00
0.000000000000000000e+00 0.000000000000000000e+00 0.000000000000000000e+00
0.000000000000000000e+00 0.000000000000000000e+00 0.000000000000000000e+00
