-2.297163311613545089e-01 1.067190020658421350e-03 1.739999999999999880e-01
-2.328195914249361342e-01 9.078213884832730647e-04 1.660000000000000087e-01
-3.013846214289266356e-01 1.445897273143190829e-05 2.400000000000000050e-02
-1.864976241730232909e-01 8.188851864151422758e-03 2.114999999999999936e-01
-2.332805332335294857e-01 8.861115978368454315e-04 7.100000000000000755e-02
-1.280685303830633448e-01 7.072184091459947364e-02 3.985000000000000209e-01
-1.863707812122339380e-01 8.233248738594118460e-03 1.779999999999999916e-01
-2.927153901894289367e-01 2.597325783591972239e-05 3.450000000000000289e-02
-1.863389868480755107e-01 8.244410677041907540e-03 1.135000000000000037e-01
-2.215957550200232384e-01 1.613290892070325892e-03 2.124999999999999944e-01
-2.834695916158351814e-01 4.752314470734288188e-05 5.000000000000000278e-02
-1.681655395991548674e-01 1.729903790158271795e-02 2.154999999999999971e-01
-2.610961195591527950e-01 1.882408686327560559e-04 1.650000000000000078e-01
-2.605987679777117538e-01 1.938290371995825972e-04 9.400000000000000022e-02
-1.040265649184376195e-01 1.426710053705515235e-01 5.340000000000000302e-01
-1.681954392306782564e-01 1.727889058671517111e-02 4.074999999999999734e-01
-1.046592192308880565e-01 1.402445479111862348e-01 5.725000000000000089e-01
-7.840607233625304651e-02 2.697758344304347911e-01 6.550000000000000266e-01
-8.189877732419229006e-02 2.489507516502059425e-01 5.719999999999999529e-01
-1.509229269839293397e-01 3.290598583044097858e-02 4.369999999999999996e-01
4.324632234011639709e-02 5.431566920407249199e-01 2.369999999999999885e-01
1.339571852444993716e-01 5.861121590684072874e-02 2.030000000000000138e-01
-1.957525587775053588e-01 5.470573348994420444e-03 2.610000000000000098e-01
-1.579283100234649684e-01 2.551735305936800660e-02 3.059999999999999942e-01
-1.488121552825610872e-01 3.546100362563073261e-02 3.865000000000000102e-01
-5.690770583389573312e-02 4.234785664781274273e-01 5.869999999999999662e-01
-1.269253090598837785e-01 7.329421215010847868e-02 3.185000000000000053e-01
7.962550427007161757e-02 2.623743041025831113e-01 1.990000000000000102e-01
-5.128240356077042039e-02 4.708039711535255134e-01 4.314999999999999947e-01
-1.242750084939397703e-01 7.955034512400430136e-02 2.869999999999999774e-01
-2.548092844327061735e-01 2.713174377318065085e-04 5.899999999999999689e-02
-2.524067291610727626e-01 3.112459384145004906e-04 3.750000000000000555e-02
-1.817787868973846643e-01 9.991433541419030354e-03 1.739999999999999880e-01
-1.817361892691342073e-01 1.000918888996710568e-02 2.884999999999999787e-01
-1.504639301321927247e-01 3.344786217686913227e-02 2.750000000000000222e-01
-1.816617940428635336e-01 1.004026486155144664e-02 2.124999999999999944e-01
-2.095572193347615964e-01 2.899946606158693586e-03 1.335000000000000075e-01
-1.633333260548544275e-01 2.083592078036120357e-02 2.984999999999999876e-01
-1.460964844852168654e-01 3.899356885274875284e-02 2.384999999999999898e-01
-1.393178990978227449e-01 4.912459380424613609e-02 3.775000000000000022e-01
1.967290776050917844e-01 5.237229657257603740e-03 1.214999999999999969e-01
2.390123839831962416e-01 6.532215574690987143e-04 4.249999999999999611e-02
2.667842208761516884e-02 7.076665999516230654e-01 1.675000000000000100e-01
-1.286199410180369207e-01 6.950763937340345699e-02 4.729999999999999760e-01
-1.426465211720320814e-01 4.390487079715047619e-02 4.090000000000000302e-01
-1.342342999414234406e-01 5.808628168119060048e-02 4.759999999999999787e-01
-1.066307060946051904e-01 1.328850466299575650e-01 8.905000000000000693e-01
2.008928558803083075e-02 7.776727621585486361e-01 1.280000000000000027e-01
6.304840756411168867e-02 3.751149251392323913e-01 4.349999999999999700e-02
5.424492515106875412e-02 4.455274870934166076e-01 6.250000000000000000e-02
2.647112198675704575e-01 1.519188239731301417e-04 9.850000000000000422e-02
3.624623482188656931e-01 1.332485997729871853e-07 5.499999999999999681e-03
-8.342127451065278754e-02 2.402314678633437894e-01 4.585000000000000187e-01
2.893021465027781902e-01 3.254259961755570245e-05 6.149999999999999911e-02
2.421650455242401190e-01 5.506356632249506016e-04 2.500000000000000139e-02
2.953550171742475028e-01 2.177381485031628728e-05 2.099999999999999784e-02
-2.823223540718838853e-01 5.114783859319058562e-05 8.349999999999999090e-02
-2.495586095043079156e-01 3.656312761443629065e-04 8.250000000000000389e-02
-1.517676525480066152e-01 3.192821435709584238e-02 4.014999999999999680e-01
-1.739094354823906077e-02 8.069040252060595275e-01 7.369999999999999885e-01
-2.358851028005577999e-01 7.721577281722371211e-04 1.390000000000000124e-01
-1.685397222254741423e-01 1.704836933864625412e-02 3.734999999999999987e-01
-1.746555775734150440e-01 1.337731659792138969e-02 2.810000000000000275e-01
-1.994477676914812869e-01 4.633868042889646016e-03 1.990000000000000102e-01
1.991929908782670289e-01 4.687632682273309634e-03 3.350000000000000200e-02
4.032691764026972298e-02 5.707381494226368979e-01 1.995000000000000107e-01
1.689764796578768768e-01 1.675978699759658047e-02 1.224999999999999978e-01
6.196478323115925391e-02 3.833941163083184889e-01 2.134999999999999953e-01
0.000000000000000000e+00 0.000000000000000000e+00 0.000000000000000000e+00
0.000000000000000000e+00 0.000000000000000000e+00 0.000000000000000000e+00
0.000000000000000000e+00 0.000000000000000000e+00 0.000000000000000000e+00
0.000000000000000000e+00 0.000000000000000000e+00 0.000000000000000000e+00
0.000000000000000000e+00 0.000000000000000000e+00 0.000000000000000000e+00
0.000000000000000000e+00 0.000000000000000000e+00 0.000000000000000000e+00
0.000000000000000000e+00 0.000000000000000000e+00 0.000000000000000000e+00
0.000000000000000000e+00 0.000000000000000000e+00 0.000000000000000000e+00
0.000000000000000000e+00 0.000000000000000000e+00 0.000000000000000000e+00
0.000000000000000000e+00 0.000000000000000000e+00 0.000000000000000000e+00
0.000000000000000000e+00 0.000000000000000000e+00 0.000000000000000000e+00
0.000000000000000000e+00 0.000000000000000000e+00 0.000000000000000000e+00
0.000000000000000000e+00 0.000000000000000000e+00 0.000000000000000000e+00
0.000000000000000000e+00 0.000000000000000000e+00 0.000000000000000000e+00
0.000000000000000000e+00 0.000000000000000000e+00 0.000000000000000000e+00
0.000000000000000000e+00 0.000000000000000000e+00 0.000000000000000000e+00
0.000000000000000000e+00 0.000000000000000000e+00 0.000000000000000000e+00
0.000000000000000000e+00 0.000000000000000000e+00 0.000000000000000000e+00
0.000000000000000000e+00 0.000000000000000000e+00 0.000000000000000000e+00
0.000000000000000000e+00 0.000000000000000000e+00 0.000000000000000000e+00
0.000000000000000000e+00 0.000000000000000000e+00 0.000000000000000000e+00
0.000000000000000000e+00 0.000000000000000000e+00 0.000000000000000000e+00
0.000000000000000000e+00 0.000000000000000000e+00 0.000000000000000000e+00
0.000000000000000000e+00 0.000000000000000000e+00 0.000000000000000000e+00
0.000000000000000000e+00 0.000000000000000000e+00 0.000000000000000000e+00
0.000000000000000000e+00 0.000000000000000000e+00 0.000000000000000000e+00
0.000000000000000000e+00 0.000000000000000000e+00 0.000000000000000000e+00
0.000000000000000000e+00 0.000000000000000000e+00 0.000000000000000000e+00
0.000000000000000000e+00 0.000000000000000000e+00 0.000000000000000000e+00
0.000000000000000000e+00 0.000000000000000000e+00 0.000000000000000000e+00
0.000000000000000000e+00 0.000000000000000000e+00 0.000000000000000000e+00
0.000000000000000000e+00 0.000000000000000000e+00 0.000000000000000000e+00
0.000000000000000000e+00 0.000000000000000000e+00 0.000000000000000000e+00
0.000000000000000000e+00 0.000000000000000000e+00 0.000000000000000000e+00
0.000000000000000000e+00 0.000000000000000000e+00 0.000000000000000000e+00
0.000000000000000000e+00 0.000000000000000000e+00 0.000000000000000000e+00
0.000000000000000000e+00 0.000000000000000000e+00 0.000000000000000000e+00
0.000000000000000000e+00 0.000000000000000000e+00 0.000000000000000000e+00
0.000000000000000000e+00 0.000000000000000000e+00 0.000000000000000000e+00
0.000000000000000000e+00 0.000000000000000000e+00 0.000000000000000000e+00
0.000000000000000000e+00 0.000000000000000000e+00 0.000000000000000000e+00
0.000000000000000000e+00 0.000000000000000000e+00 0.000000000000000000e+00
0.000000000000000000e+00 0.000000000000000000e+00 0.000000000000000000e+00
0.000000000000000000e+00 0.000000000000000000e+00 0.000000000000000000e+00
0.000000000000000000e+00 0.000000000000000000e+00 0.000000000000000000e+00
0.000000000000000000e+00 0.000000000000000000e+00 0.000000000000000000e+00
0.000000000000000000e+00 0.000000000000000000e+00 0.000000000000000000e+00
0.000000000000000000e+00 0.000000000000000000e+00 0.000000000000000000e+00
0.000000000000000000e+00 0.000000000000000000e+00 0.000000000000000000e+00
0.000000000000000000e+00 0.000000000000000000e+00 0.000000000000000000e+00
0.000000000000000000e+00 0.000000000000000000e+00 0.000000000000000000e+00
0.000000000000000000e+00 0.000000000000000000e+00 0.000000000000000000e+00
0.000000000000000000e+00 0.000000000000000000e+00 0.000000000000000000e+00
0.000000000000000000e+00 0.000000000000000000e+00 0.000000000000000000e+00
0.000000000000000000e+00 0.000000000000000000e+00 0.000000000000000000e+00
0.000000000000000000e+00 0.000000000000000000e+00 0.000000000000000000e+00
0.000000000000000000e+00 0.000000000000000000e+00 0.000000000000000000e+00
0.000000000000000000e+00 0.000000000000000000e+00 0.000000000000000000e+00
0.000000000000000000e+00 0.000000000000000000e+00 0.000000000000000000e+00
0.000000000000000000e+00 0.000000000000000000e+00 0.000000000000000000e+00
0.000000000000000000e+00 0.000000000000000000e+00 0.000000000000000000e+00
0.000000000000000000e+00 0.000000000000000000e+00 0.000000000000000000e+00
0.000000000000000000e+00 0.000000000000000000e+00 0.000000000000000000e+00
0.000000000000000000e+00 0.000000000000000000e+00 0.000000000000000000e+00
0.000000000000000000e+00 0.000000000000000000e+00 0.000000000000000000e+00
0.000000000000000000e+00 0.000000000000000000e+00 0.000000000000000000e+00
0.000000000000000000e+00 0.000000000000000000e+00 0.000000000000000000e+00
0.000000000000000000e+00 0.000000000000000000e+00 0.000000000000000000e+00
0.000000000000000000e+00 0.000000000000000000e+00 0.000000000000000000e+00
0.000000000000000000e+00 0.000000000000000000e+00 0.000000000000000000e+00
0.000000000000000000e+00 0.000000000000000000e+00 0.000000000000000000e+00
0.000000000000000000e+00 0.000000000000000000e+00 0.000000000000000000e+00
0.000000000000000000e+00 0.000000000000000000e+00 0.000000000000000000e+00
0.000000000000000000e+00 0.000000000000000000e+00 0.000000000000000000e+00
0.000000000000000000e+00 0.000000000000000000e+00 0.000000000000000000e+00
0.000000000000000000e+00 0.000000000000000000e+00 0.000000000000000000e+00
0.000000000000000000e+00 0.000000000000000000e+00 0.000000000000000000e+00
0.000000000000000000e+00 0.000000000000000000e+00 0.000000000000000000e+00
0.000000000000000000e+00 0.000000000000000000e+00 0.000000000000000000e+00
0.000000000000000000e+00 0.000000000000000000e+00 0.000000000000000000e+00
0.000000000000000000e+00 0.000000000000000000e+00 0.000000000000000000e+00
0.000000000000000000e+00 0.000000000000000000e+00 0.000000000000000000e+00
0.000000000000000000e+00 0.000000000000000000e+00 0.000000000000000000e+00
0.000000000000000000e+00 0.000000000000000000e+00 0.000000000000000000e+00
0.000000000000000000e+00 0.000000000000000000e+00 0.000000000000000000e+00
0.000000000000000000e+00 0.000000000000000000e+00 0.000000000000000000e+00
0.000000000000000000e+00 0.000000000000000000e+00 0.000000000000000000e+00
0.000000000000000000e+00 0.000000000000000000e+00 0.000000000000000000e+00
0.000000000000000000e+00 0.000000000000000000e+00 0.000000000000000000e+00
0.000000000000000000e+00 0.000000000000000000e+00 0.000000000000000000e+00
0.000000000000000000e+00 0.000000000000000000e+00 0.000000000000000000e+00
0.000000000000000000e+00 0.000000000000000000e+00 0.000000000000000000e+00
0.000000000000000000e+00 0.000000000000000000e+00 0.000000000000000000e+00
0.000000000000000000e+00 0.000000000000000000e+00 0.000000000000000000e+00
0.000000000000000000e+00 0.000000000000000000e+00 0.000000000000000000e+00
0.000000000000000000e+00 0.000000000000000000e+00 0.000000000000000000e+00
0.000000000000000000e+00 0.000000000000000000e+00 0.000000000000000000e+00
0.000000000000000000e+00 0.000000000000000000e+00 0.000000000000000000e+00
0.000000000000000000e+00 0.000000000000000000e+00 0.000000000000000000e+00
0.000000000000000000e+00 0.000000000000000000e+00 0.000000000000000000e+00
0.000000000000000000e+00 0.000000000000000000e+00 0.000000000000000000e+00
0.000000000000000000e+00 0.000000000000000000e+00 0.000000000000000000e+00
0.000000000000000000e+00 0.000000000000000000e+00 0.000000000000000000e+00
0.000000000000000000e+00 0.000000000000000000e+00 0.000000000000000000e+00
0.000000000000000000e+00 0.000000000000000000e+00 0.000000000000000000e+00
0.000000000000000000e+00 0.000000000000000000e+00 0.000000000000000000e+00
0.000000000000000000e+00 0.000000000000000000e+00 0.000000000000000000e+00
0.000000000000000000e+00 0.000000000000000000e+00 0.000000000000000000e+00
0.000000000000000000e+00 0.000000000000000000e+00 0.000000000000000000e+00
0.000000000000000000e+00 0.000000000000000000e+00 0.000000000000000000e+00
0.000000000000000000e+00 0.000000000000000000e+00 0.000000000000000000e+00
0.000000000000000000e+00 0.000000000000000000e+00 0.000000000000000000e+00
0.000000000000000000e+00 0.000000000000000000e+00 0.000000000000000000e+00
0.000000000000000000e+00 0.000000000000000000e+00 0.000000000000000000e+00
0.000000000000000000e+00 0.000000000000000000e+00 0.000000000000000000e+00
0.000000000000000000e+00 0.000000000000000000e+00 0.000000000000000000e+00
0.000000000000000000e+00 0.000000000000000000e+00 0.000000000000000000e+00
0.000000000000000000e+00 0.000000000000000000e+00 0.000000000000000000e+00
0.000000000000000000e+00 0.000000000000000000e+00 0.000000000000000000e+00
0.000000000000000000e+00 0.000000000000000000e+00 0.000000000000000000e+00
0.000000000000000000e+00 0.000000000000000000e+00 0.000000000000000000e+00
0.000000000000000000e+00 0.000000000000000000e+00 0.000000000000000000e+00
0.000000000000000000e+00 0.000000000000000000e+00 0.000000000000000000e+00
0.000000000000000000e+00 0.000000000000000000e+00 0.000000000000000000e+00
0.000000000000000000e+00 0.000000000000000000e+00 0.000000000000000000e+00
0.000000000000000000e+00 0.000000000000000000e+00 0.000000000000000000e+00
0.000000000000000000e+00 0.000000000000000000e+00 0.000000000000000000e+00
0.000000000000000000e+00 0.000000000000000000e+00 0.000000000000000000e+00
0.000000000000000000e+00 0.000000000000000000e+00 0.000000000000000000e+00
0.000000000000000000e+00 0.000000000000000000e+00 0.000000000000000000e+00
0.000000000000000000e+00 0.000000000000000000e+00 0.000000000000000000e+00
0.000000000000000000e+00 0.000000000000000000e+00 0.000000000000000000e+00
