-3.535505947390730347e-02 6.063936063936063992e-01
2.865117170787915279e-01 1.098901098901098987e-02
-7.312106839066807862e-02 9.410589410589410564e-01
-1.011535919869592792e-01 8.951048951048951041e-01
4.264135832617300254e-02 1.948051948051948146e-01
-2.426912501473234632e-02 7.702297702297702386e-01
-1.062731556158277718e-01 9.420579420579420216e-01
9.937235830688201377e-02 7.562437562437562821e-01
-1.365599891055395594e-02 5.744255744255744034e-01
-2.253233606388774929e-02 7.272727272727272929e-01
1.895435287616955428e-02 2.997002997002997000e-03
-1.169924852285800509e-01 5.714285714285713969e-01
4.188152870291199648e-01 9.990009990009990001e-04
1.001098754771391625e-01 9.450549450549450281e-01
8.200271144014166513e-02 6.623376623376623362e-01
-1.289082102603978652e-01 9.340659340659340781e-01
-2.210203176034341022e-01 9.330669330669331130e-01
-1.819114161103039529e-01 5.694305694305694665e-01
-4.535230750831333729e-02 8.621378621378621432e-01
-8.853604826503369551e-02 7.712287712287712038e-01
-2.374043216639654119e-01 9.910089910089909804e-01
1.334360090952955158e-01 5.194805194805195148e-02
-1.735314212134169976e-01 1.000000000000000000e+00
-4.615713534583967825e-03 8.071928071928071713e-01
3.386634454768238101e-01 9.990009990009990001e-04
-5.414992259232648958e-02 8.211788211788211278e-01
-2.950962711857725573e-02 1.278721278721278720e-01
-1.330133985061575930e-01 9.950049950049949521e-01
-4.547221708548300489e-03 7.832167832167832300e-01
-9.828181014386633274e-02 9.660339660339660739e-01
2.476265903416084435e-01 1.998001998001998000e-03
2.137359722392729033e-01 1.918081918081918080e-01
1.409376871607145865e-01 7.482517482517482277e-01
-1.945822785269599869e-02 4.225774225774225901e-01
1.111299385251155597e-01 1.788211788211788167e-01
2.814835109540089197e-01 2.997002997002997000e-03
-8.184796353301466987e-02 8.661338661338661149e-01
-3.315129365801489092e-02 6.983016983016983037e-01
1.915759640099407024e-01 9.690309690309689694e-02
1.026002059030910463e-01 3.476523476523476486e-01
-4.834004317183501764e-02 5.404595404595404773e-01
4.009013143025166870e-04 1.638361638361638395e-01
9.184436803352546974e-02 1.698301698301698248e-01
-1.223952575173039570e-01 7.292707292707292788e-02
2.005369887394468642e-01 9.990009990009990001e-04
-7.103093877108183907e-02 2.267732267732267826e-01
2.926432952602077697e-01 9.990009990009990001e-04
1.915631317547514534e-01 3.126873126873127018e-01
5.322798986919100375e-03 2.897102897102897187e-02
-7.072316226934841077e-02 8.591408591408591366e-01
1.011689592353180733e-01 7.752247752247751755e-01
5.857711329704317488e-03 2.797202797202797200e-02
-9.276926848123237535e-02 3.806193806193806095e-01
2.159615967375529133e-02 7.442557442557442560e-01
-2.068960787823890812e-01 8.881118881118881259e-01
1.768673658865534404e-01 3.146853146853146876e-01
-1.959397516437900166e-01 8.041958041958041647e-01
-1.793126453342896304e-02 2.217782217782217902e-01
3.630749401000867849e-01 9.990009990009990001e-04
1.153909382380761441e-02 8.591408591408591922e-02
3.242964810330442593e-02 3.996003996003996001e-03
-1.414896445818755732e-01 7.542457542457542408e-01
5.525010536266085348e-02 2.277722277722277755e-01
-5.773345656708088122e-03 5.634365634365634534e-01
2.600608569403943249e-01 2.297702297702297614e-02
2.014822785300479646e-01 8.991008991008991869e-03
8.815996274945045452e-03 3.066933066933066887e-01
1.320497351821147969e-01 7.492507492507492761e-02
