-7.370015583618565180e-02 9.670329670329670391e-01
1.431089601731589389e-01 3.996003996003996001e-03
6.671256725526139575e-02 9.310689310689310716e-01
-6.950155632814758455e-03 9.840159840159840021e-01
-1.014788455523454036e-01 9.210789210789210868e-01
-1.794850327406084523e-01 9.950049950049949521e-01
-1.524376305328708492e-01 1.000000000000000000e+00
-9.669649704214278163e-02 9.960039960039960283e-01
-1.525485164001744165e-01 4.325674325674325749e-01
-1.540784332411824220e-01 9.890109890109890500e-01
1.560301739959872869e-01 6.993006993006993001e-03
-1.602856832480338278e-01 9.910089910089909804e-01
3.844780244153469528e-01 9.990009990009990001e-04
-1.090656726673880500e-01 9.950049950049949521e-01
6.165554841847493972e-02 9.910089910089909804e-01
-1.239329438364135255e-01 2.117882117882117776e-01
-1.129671596651276450e-01 8.961038961038960693e-01
-2.454733584279425798e-03 6.533466533466533166e-01
-3.291064912342761897e-03 8.831168831168830780e-01
-4.710464800508873742e-03 9.900099900099900152e-01
-6.703533741151411485e-02 9.960039960039960283e-01
3.147795557050522830e-02 1.238761238761238725e-01
-1.031765434916863816e-01 9.860139860139860435e-01
-1.061870028223158152e-01 9.940059940059939869e-01
4.126178504304439665e-01 9.990009990009990001e-04
6.144177759225287472e-02 1.598401598401598400e-02
2.154319808937447123e-01 9.990009990009990001e-04
-7.320520430478957841e-02 1.000000000000000000e+00
-5.184204325881422437e-02 9.910089910089909804e-01
-9.624811112208324360e-02 9.610389610389610260e-01
4.705044469507080329e-01 9.990009990009990001e-04
7.026939534003923127e-02 8.151848151848152257e-01
6.550734644582899280e-02 6.973026973026973385e-01
3.338180462618551420e-02 6.503496503496503101e-01
-2.663899738179792420e-02 3.696303696303696040e-02
3.859265204762312163e-01 9.990009990009990001e-04
2.054941551008850065e-01 1.608391608391608329e-01
-1.077978335647033874e-02 7.872127872127872017e-01
6.500966792800949579e-02 2.637362637362637430e-01
-2.632683069620472827e-02 4.685314685314685423e-01
-5.887414413187994772e-04 4.295704295704295961e-02
-6.974760682439951065e-02 2.877122877122877398e-01
-9.245625938271602451e-02 5.294705294705294440e-02
-1.043520711733713913e-01 2.077922077922078059e-01
3.913535048468761990e-01 9.990009990009990001e-04
2.482264064384092500e-02 3.086913086913086746e-01
5.482093782585623076e-01 9.990009990009990001e-04
2.135645851852924909e-02 3.096903096903096814e-02
-2.409343645732656136e-02 8.191808191808191975e-02
-7.042501745362843291e-02 3.446553446553446420e-01
2.282359009880456091e-01 9.990009990009990001e-04
2.392128137025201218e-01 2.997002997002997000e-03
1.942591959872266572e-01 9.990009990009990001e-03
1.818143362707305144e-01 7.192807192807192385e-01
-1.221327157792660711e-01 7.492507492507492761e-02
1.103320571316400989e-01 1.758241758241758379e-01
5.744608503694233897e-03 8.391608391608391948e-02
-1.194665443567490132e-01 1.368631368631368639e-01
4.842060633811118286e-01 9.990009990009990001e-04
2.534368363078012831e-01 9.990009990009990001e-04
3.759676981336649293e-01 9.990009990009990001e-04
-1.752183424322874619e-03 5.144855144855144946e-01
3.001096752862544847e-02 2.407592407592407668e-01
1.071155774098059635e-02 3.776223776223776030e-01
4.547921051603059373e-01 9.990009990009990001e-04
1.965935096443742480e-01 1.268731268731268791e-01
-2.146175500416616991e-02 2.687312687312687354e-01
1.627778764654692067e-01 9.990009990009990001e-04
