1.399582733831530590e-01 9.990009990009990001e-04
1.395492889198996223e-01 9.990009990009990001e-04
1.544191896091691718e-01 9.990009990009990001e-04
1.333917621915162721e-01 9.990009990009990001e-04
1.376773337067591640e-01 9.990009990009990001e-04
1.454097590946216989e-01 9.990009990009990001e-04
1.317239669758405729e-01 9.990009990009990001e-04
1.421948717104945525e-01 9.990009990009990001e-04
1.337165473386499326e-01 9.990009990009990001e-04
1.345182560176881870e-01 9.990009990009990001e-04
1.350652390525472202e-01 9.990009990009990001e-04
1.327475262878074491e-01 9.990009990009990001e-04
1.326223481949652949e-01 9.990009990009990001e-04
1.321416089153208684e-01 9.990009990009990001e-04
1.338453172286326320e-01 6.993006993006993001e-03
1.290636619117155048e-01 3.996003996003996001e-03
1.241733830277752249e-01 9.990009990009990001e-04
1.215913157192990146e-01 9.990009990009990001e-04
1.253615540218559476e-01 9.990009990009990001e-04
1.207128696885890473e-01 9.990009990009990001e-04
1.192435462460285922e-01 9.990009990009990001e-04
1.396254184589076630e-01 9.990009990009990001e-04
1.188413649726740434e-01 9.990009990009990001e-04
1.197878522702763709e-01 9.990009990009990001e-04
1.221324933851192507e-01 9.990009990009990001e-04
1.194203852980596919e-01 9.990009990009990001e-04
1.211946549371953202e-01 9.990009990009990001e-04
1.222066518582814870e-01 9.990009990009990001e-04
1.237355779977034470e-01 9.990009990009990001e-04
1.244283898608217892e-01 9.990009990009990001e-04
1.511198668216013064e-01 9.990009990009990001e-04
1.520316762635154917e-01 3.396603396603396774e-02
1.277861892039537650e-01 9.990009990009990001e-04
1.211030010409616109e-01 9.990009990009990001e-04
1.242468836855519232e-01 9.990009990009990001e-04
1.244358520503950905e-01 9.990009990009990001e-04
1.290712604081100112e-01 9.990009990009990001e-04
1.254192710797401578e-01 9.990009990009990001e-04
1.327740652667318833e-01 9.990009990009990001e-04
1.243656355625832599e-01 9.990009990009990001e-04
1.219153841289906670e-01 9.990009990009990001e-04
1.243091325136611858e-01 9.990009990009990001e-04
1.231818309492677815e-01 9.990009990009990001e-04
1.292850011322753956e-01 9.990009990009990001e-04
1.240285017101691312e-01 9.990009990009990001e-04
1.261150280877809671e-01 9.990009990009990001e-04
1.273896958684375968e-01 9.990009990009990001e-04
1.280200779607711392e-01 9.990009990009990001e-04
1.255068585114580970e-01 9.990009990009990001e-04
1.238057806514721859e-01 9.990009990009990001e-04
1.295587178237747050e-01 9.990009990009990001e-04
1.685917718471725557e-01 9.990009990009990001e-04
1.504722016153268449e-01 9.990009990009990001e-04
1.266590623613392530e-01 9.990009990009990001e-04
1.729603668126224181e-01 9.990009990009990001e-04
2.479751927087825714e-01 9.990009990009990001e-04
1.707137421533400923e-01 9.990009990009990001e-04
1.710572672813753803e-01 9.990009990009990001e-04
2.226343745215119962e-01 9.990009990009990001e-04
1.688822498904784253e-01 9.990009990009990001e-04
1.268372665862385062e-01 9.990009990009990001e-04
1.238967247976682229e-01 9.990009990009990001e-04
1.238197513095818797e-01 9.990009990009990001e-04
1.606298302765357955e-01 2.997002997002997000e-03
1.400931277648586881e-01 9.990009990009990001e-04
1.356085317408483037e-01 9.990009990009990001e-04
1.338222170756865614e-01 9.990009990009990001e-04
1.304793788995531889e-01 9.990009990009990001e-04
1.285801148803879523e-01 9.990009990009990001e-04
1.248742118112751015e-01 9.990009990009990001e-04
1.440482098019790214e-01 9.990009990009990001e-04
1.858598376083533399e-01 9.990009990009990001e-04
2.397953943995925485e-01 9.990009990009990001e-04
1.966063773171517204e-01 9.990009990009990001e-04
1.937943021118515574e-01 9.990009990009990001e-04
1.410744090522207395e-01 9.990009990009990001e-04
1.563139540400865779e-01 9.990009990009990001e-04
1.323940463964052017e-01 9.990009990009990001e-04
1.312737473634430219e-01 9.990009990009990001e-04
1.308541933547952008e-01 9.990009990009990001e-04
1.299814918853706425e-01 9.990009990009990001e-04
1.276008839093963065e-01 9.990009990009990001e-04
1.474007320398786069e-01 9.990009990009990001e-04
3.470116314023875548e-01 9.990009990009990001e-04
1.308267496624900550e-01 9.990009990009990001e-04
2.216072477612550662e-01 9.990009990009990001e-04
1.286391770377221244e-01 9.990009990009990001e-04
2.658361845998115647e-01 9.990009990009990001e-04
1.753498835645497245e-01 9.990009990009990001e-04
2.406734667809575234e-01 9.990009990009990001e-04
1.333864347731781030e-01 9.990009990009990001e-04
1.519758872492243396e-01 9.990009990009990001e-04
1.253503566356786725e-01 9.990009990009990001e-04
1.276229207245027086e-01 9.990009990009990001e-04
1.285335969791106259e-01 9.990009990009990001e-04
1.732094527350813706e-01 9.990009990009990001e-04
1.977684755207879397e-01 9.990009990009990001e-04
2.061558650082754018e-01 9.990009990009990001e-04
1.928821081159235173e-01 9.990009990009990001e-04
1.789170733086083709e-01 9.990009990009990001e-04
1.786324883341415815e-01 9.990009990009990001e-04
1.585761518096645561e-01 9.990009990009990001e-04
1.563748506117157988e-01 9.990009990009990001e-04
1.373292869109203340e-01 9.990009990009990001e-04
1.334850269458051630e-01 9.990009990009990001e-04
1.355851862925903095e-01 9.990009990009990001e-04
1.508218815888813236e-01 9.990009990009990001e-04
1.324717705778836740e-01 9.990009990009990001e-04
1.444513833230422206e-01 9.990009990009990001e-04
1.389401658420976737e-01 9.990009990009990001e-04
1.355951930037711806e-01 9.990009990009990001e-04
1.327114121284757309e-01 9.990009990009990001e-04
1.371376638181477647e-01 9.990009990009990001e-04
1.323738914394364530e-01 9.990009990009990001e-04
1.323670592996502582e-01 9.990009990009990001e-04
1.621917703607915207e-01 9.990009990009990001e-04
2.306608688739705537e-01 9.990009990009990001e-04
1.289086458734574614e-01 9.990009990009990001e-04
1.489833341982968185e-01 9.990009990009990001e-04
1.268315448293453884e-01 9.990009990009990001e-04
1.282774993657000429e-01 9.990009990009990001e-04
1.233616292487172417e-01 9.990009990009990001e-04
2.008255182099072389e-01 9.990009990009990001e-04
1.223587524146785843e-01 9.990009990009990001e-04
1.217771911751644454e-01 9.990009990009990001e-04
1.321019693173610954e-01 9.990009990009990001e-04
1.229839669166786637e-01 9.990009990009990001e-04
1.240567955988250148e-01 9.990009990009990001e-04
1.208596959721632419e-01 9.990009990009990001e-04
1.214047376275366463e-01 9.990009990009990001e-04
1.228260623528746182e-01 9.990009990009990001e-04
1.279683338514794322e-01 9.990009990009990001e-04
1.273391542289524780e-01 9.990009990009990001e-04
1.242750336312474224e-01 9.990009990009990001e-04
1.617791519349782714e-01 9.990009990009990001e-04
1.598350857450273055e-01 9.990009990009990001e-04
1.266212057361304488e-01 9.990009990009990001e-04
1.271726123282874155e-01 9.990009990009990001e-04
1.249692394906757875e-01 9.990009990009990001e-04
1.307655017697554323e-01 9.990009990009990001e-04
1.269629674458905289e-01 9.990009990009990001e-04
1.271336826733161784e-01 9.990009990009990001e-04
1.342421772524090839e-01 9.990009990009990001e-04
1.268910825341010573e-01 9.990009990009990001e-04
1.234583917189795155e-01 9.990009990009990001e-04
1.252559771694583546e-01 9.990009990009990001e-04
1.265932079450468040e-01 9.990009990009990001e-04
2.193176818947626394e-01 9.990009990009990001e-04
2.261658679340303735e-01 9.990009990009990001e-04
1.570035629640290364e-01 9.990009990009990001e-04
1.233152234034629730e-01 9.990009990009990001e-04
2.461767956716160999e-01 9.990009990009990001e-04
1.555017563785310031e-01 9.990009990009990001e-04
1.659462173496979442e-01 9.990009990009990001e-04
1.377988832737488678e-01 9.990009990009990001e-04
1.991097185876621045e-01 9.990009990009990001e-04
1.586410514940458649e-01 9.990009990009990001e-04
1.282929266768137178e-01 9.990009990009990001e-04
2.572041547326056055e-01 9.990009990009990001e-04
2.533286257958786147e-01 9.990009990009990001e-04
2.157754967106541855e-01 9.990009990009990001e-04
2.107921702811517695e-01 9.990009990009990001e-04
1.744042576443038950e-01 9.990009990009990001e-04
1.832202737327190967e-01 9.990009990009990001e-04
1.624107613865125033e-01 9.990009990009990001e-04
1.308868399706528407e-01 9.990009990009990001e-04
1.284715481410999838e-01 9.990009990009990001e-04
2.439770107120576847e-01 9.990009990009990001e-04
2.281866072928593614e-01 9.990009990009990001e-04
2.024524050808361175e-01 9.990009990009990001e-04
1.585196238985495387e-01 9.990009990009990001e-04
1.461015331929986505e-01 9.990009990009990001e-04
1.303197636421093153e-01 9.990009990009990001e-04
1.416869352162378470e-01 9.990009990009990001e-04
1.302546967470329109e-01 9.990009990009990001e-04
1.255657748745196700e-01 9.990009990009990001e-04
1.420268805228902254e-01 9.990009990009990001e-04
2.283022730175485737e-01 9.990009990009990001e-04
2.555789372932711356e-01 9.990009990009990001e-04
2.150866288438891272e-01 9.990009990009990001e-04
1.399175984576481735e-01 9.990009990009990001e-04
1.367887902341086426e-01 9.990009990009990001e-04
1.616868349125809567e-01 9.990009990009990001e-04
1.310847626765707374e-01 9.990009990009990001e-04
2.341900866745048604e-01 9.990009990009990001e-04
2.717432035197391849e-01 9.990009990009990001e-04
2.230216838948197167e-01 9.990009990009990001e-04
3.003619466863796661e-01 9.990009990009990001e-04
2.577142972386418096e-01 9.990009990009990001e-04
1.520433873318468299e-01 9.990009990009990001e-04
2.798928182504559770e-01 9.990009990009990001e-04
2.883532813912879633e-01 9.990009990009990001e-04
2.914885616057443785e-01 9.990009990009990001e-04
1.887497393031646042e-01 9.990009990009990001e-04
1.332772013695892044e-01 9.990009990009990001e-04
1.282271470066380925e-01 9.990009990009990001e-04
1.282699535052586604e-01 9.990009990009990001e-04
1.755082112453626164e-01 9.990009990009990001e-04
2.158553111514730227e-01 9.990009990009990001e-04
1.700997736633761692e-01 9.990009990009990001e-04
