3.619523737936987118e-01 9.990009990009990001e-04
3.605701306880556567e-01 9.990009990009990001e-04
3.599104394442522170e-01 9.990009990009990001e-04
3.635897716753510034e-01 9.990009990009990001e-04
3.620718581006783787e-01 9.990009990009990001e-04
3.669927993629834573e-01 9.990009990009990001e-04
3.629755761127496094e-01 9.990009990009990001e-04
3.605109406586025078e-01 9.990009990009990001e-04
3.639332084957874192e-01 9.990009990009990001e-04
3.625425780522302799e-01 9.990009990009990001e-04
3.597474628567419175e-01 9.990009990009990001e-04
3.667685574760157219e-01 9.990009990009990001e-04
3.595947620156065283e-01 9.990009990009990001e-04
3.599941897050352169e-01 9.990009990009990001e-04
3.663713241108005891e-01 9.990009990009990001e-04
3.645350234492328867e-01 9.990009990009990001e-04
3.679115217278473571e-01 9.990009990009990001e-04
3.682486675802028597e-01 9.990009990009990001e-04
3.681056753818107707e-01 9.990009990009990001e-04
3.674833882539951246e-01 9.990009990009990001e-04
3.703088073272277625e-01 9.990009990009990001e-04
3.775774648185107885e-01 9.990009990009990001e-04
3.670257046573203175e-01 9.990009990009990001e-04
3.680939389560802244e-01 9.990009990009990001e-04
3.665692027662479924e-01 9.990009990009990001e-04
3.698444292337298989e-01 9.990009990009990001e-04
3.680955358451533654e-01 9.990009990009990001e-04
3.732689555792750857e-01 9.990009990009990001e-04
3.695190148984782708e-01 9.990009990009990001e-04
3.697968062895921060e-01 9.990009990009990001e-04
3.609667031584319896e-01 9.990009990009990001e-04
3.631321901012869446e-01 9.990009990009990001e-04
3.651876791935592670e-01 9.990009990009990001e-04
3.669809350756054744e-01 9.990009990009990001e-04
3.681687299328565421e-01 9.990009990009990001e-04
3.676015326869168098e-01 9.990009990009990001e-04
3.642431301213032713e-01 9.990009990009990001e-04
3.658765199429474535e-01 9.990009990009990001e-04
3.684082463661377815e-01 9.990009990009990001e-04
3.672083490291854213e-01 9.990009990009990001e-04
3.795859438946580511e-01 9.990009990009990001e-04
3.954346698447990249e-01 9.990009990009990001e-04
3.712608973304188931e-01 9.990009990009990001e-04
3.660121735445587277e-01 9.990009990009990001e-04
3.666758306198211192e-01 9.990009990009990001e-04
3.663893221810326506e-01 9.990009990009990001e-04
3.661954238639791304e-01 9.990009990009990001e-04
3.712161206211048170e-01 9.990009990009990001e-04
3.711764912024922980e-01 9.990009990009990001e-04
3.702132638122417885e-01 9.990009990009990001e-04
3.848904361599391200e-01 9.990009990009990001e-04
4.088608319522914480e-01 9.990009990009990001e-04
3.705247259189315967e-01 9.990009990009990001e-04
4.038009362848370420e-01 9.990009990009990001e-04
4.007081412294635769e-01 9.990009990009990001e-04
4.197623215975252453e-01 9.990009990009990001e-04
3.612390177825450799e-01 9.990009990009990001e-04
3.614605233602011247e-01 9.990009990009990001e-04
3.665740824305646628e-01 9.990009990009990001e-04
3.694620607356826625e-01 9.990009990009990001e-04
3.647800015861666356e-01 9.990009990009990001e-04
3.647690601698161394e-01 9.990009990009990001e-04
3.672453219895891463e-01 9.990009990009990001e-04
3.648345821804686029e-01 9.990009990009990001e-04
3.931825587319520698e-01 9.990009990009990001e-04
3.727975231412926638e-01 9.990009990009990001e-04
3.803285031126624194e-01 9.990009990009990001e-04
3.724416981705854224e-01 9.990009990009990001e-04
3.724711263560209207e-01 9.990009990009990001e-04
3.709051179106242491e-01 9.990009990009990001e-04
3.655885862801713238e-01 9.990009990009990001e-04
3.708676654702001141e-01 9.990009990009990001e-04
3.950945384085844392e-01 9.990009990009990001e-04
3.631245851269843672e-01 9.990009990009990001e-04
3.642061922652299333e-01 9.990009990009990001e-04
3.630585834387284327e-01 9.990009990009990001e-04
3.652144948104700806e-01 9.990009990009990001e-04
3.649265601088547140e-01 9.990009990009990001e-04
3.643662684751654002e-01 9.990009990009990001e-04
3.600403474892270306e-01 9.990009990009990001e-04
3.657787218695642828e-01 9.990009990009990001e-04
3.621286278719227925e-01 9.990009990009990001e-04
3.785687546249937308e-01 9.990009990009990001e-04
4.619814975800435319e-01 9.990009990009990001e-04
3.735128205534988810e-01 9.990009990009990001e-04
4.246555210932334012e-01 9.990009990009990001e-04
3.725697320419428804e-01 9.990009990009990001e-04
4.524446798618158017e-01 9.990009990009990001e-04
4.242973244147614231e-01 9.990009990009990001e-04
4.197936740026917968e-01 9.990009990009990001e-04
4.258028461529379527e-01 9.990009990009990001e-04
4.629229264231505270e-01 9.990009990009990001e-04
3.752029144782263459e-01 9.990009990009990001e-04
3.957438761651648207e-01 9.990009990009990001e-04
4.297382991435034216e-01 9.990009990009990001e-04
3.669115171905539263e-01 9.990009990009990001e-04
3.712294486921632886e-01 9.990009990009990001e-04
3.722303841486644393e-01 9.990009990009990001e-04
3.716476167789211638e-01 9.990009990009990001e-04
3.634109070164550648e-01 9.990009990009990001e-04
3.705606982002175864e-01 9.990009990009990001e-04
3.708376098574244217e-01 9.990009990009990001e-04
3.715819723238476535e-01 9.990009990009990001e-04
3.734158842014240198e-01 9.990009990009990001e-04
3.700294594539310644e-01 9.990009990009990001e-04
3.699743422019478034e-01 9.990009990009990001e-04
3.718064018265764825e-01 9.990009990009990001e-04
3.696638963523862231e-01 9.990009990009990001e-04
3.722813423586043280e-01 9.990009990009990001e-04
3.702842255100166069e-01 9.990009990009990001e-04
3.697181181048612708e-01 9.990009990009990001e-04
3.688997754851673916e-01 9.990009990009990001e-04
3.691517004732495777e-01 9.990009990009990001e-04
3.676144770417718033e-01 9.990009990009990001e-04
3.706403800058205023e-01 9.990009990009990001e-04
3.734274495116478576e-01 9.990009990009990001e-04
3.741538642703291506e-01 9.990009990009990001e-04
3.711236881052855097e-01 9.990009990009990001e-04
3.775809093913169989e-01 9.990009990009990001e-04
3.758201051023887795e-01 9.990009990009990001e-04
3.708184350910962990e-01 9.990009990009990001e-04
3.708932159804764761e-01 9.990009990009990001e-04
4.106345554776793527e-01 9.990009990009990001e-04
3.689101016499855556e-01 9.990009990009990001e-04
3.720042275047484304e-01 9.990009990009990001e-04
4.120782247113708441e-01 9.990009990009990001e-04
3.695413200588107405e-01 9.990009990009990001e-04
3.702041083596838145e-01 9.990009990009990001e-04
3.746010623722342836e-01 9.990009990009990001e-04
3.682056251582138673e-01 9.990009990009990001e-04
3.971293739138444523e-01 9.990009990009990001e-04
3.699749083103007208e-01 9.990009990009990001e-04
3.729855523215169222e-01 9.990009990009990001e-04
3.696017115732702640e-01 9.990009990009990001e-04
3.707246600486494015e-01 9.990009990009990001e-04
3.713012234611092199e-01 9.990009990009990001e-04
3.709631892529248742e-01 9.990009990009990001e-04
3.720751205612521373e-01 9.990009990009990001e-04
3.706720117238552215e-01 9.990009990009990001e-04
3.696489301183902287e-01 9.990009990009990001e-04
3.750342577888520212e-01 9.990009990009990001e-04
3.696252496635440976e-01 9.990009990009990001e-04
3.720798829386278705e-01 9.990009990009990001e-04
3.703823181746727644e-01 9.990009990009990001e-04
4.129130698132771893e-01 9.990009990009990001e-04
4.660542659346012528e-01 9.990009990009990001e-04
4.176040818524009990e-01 9.990009990009990001e-04
3.713455144195817459e-01 9.990009990009990001e-04
3.720678797803578242e-01 9.990009990009990001e-04
3.754289586807038615e-01 9.990009990009990001e-04
3.955852643189871065e-01 9.990009990009990001e-04
3.859801137669691129e-01 9.990009990009990001e-04
3.725178583879335537e-01 9.990009990009990001e-04
4.080233744814702468e-01 9.990009990009990001e-04
4.105808699128997707e-01 9.990009990009990001e-04
4.678743361486101260e-01 9.990009990009990001e-04
3.804049901613681950e-01 9.990009990009990001e-04
4.725755740081371559e-01 9.990009990009990001e-04
4.533010971471737593e-01 9.990009990009990001e-04
4.279238973682691349e-01 9.990009990009990001e-04
4.403588746972147971e-01 9.990009990009990001e-04
3.744924925548645533e-01 9.990009990009990001e-04
3.708393871167783851e-01 9.990009990009990001e-04
3.710999433097130207e-01 9.990009990009990001e-04
3.753803958857685474e-01 9.990009990009990001e-04
3.749124493514412459e-01 9.990009990009990001e-04
3.716009171037638614e-01 9.990009990009990001e-04
3.748477303159346574e-01 9.990009990009990001e-04
3.967911792838597074e-01 9.990009990009990001e-04
4.097657194245689638e-01 9.990009990009990001e-04
3.869080758931695008e-01 9.990009990009990001e-04
3.828295694594754384e-01 9.990009990009990001e-04
4.044525725987254128e-01 9.990009990009990001e-04
3.893265422369240336e-01 9.990009990009990001e-04
3.959828048394712363e-01 9.990009990009990001e-04
4.322920313183276630e-01 9.990009990009990001e-04
3.695734355438864971e-01 9.990009990009990001e-04
3.740171268727414677e-01 9.990009990009990001e-04
4.471999580165815225e-01 9.990009990009990001e-04
4.921502491721823080e-01 9.990009990009990001e-04
5.028453742396047366e-01 9.990009990009990001e-04
3.717879610833777493e-01 9.990009990009990001e-04
3.725486848855961153e-01 9.990009990009990001e-04
3.724937513819020496e-01 9.990009990009990001e-04
3.751191634514072226e-01 9.990009990009990001e-04
3.724430189921904555e-01 9.990009990009990001e-04
3.721850290141497930e-01 9.990009990009990001e-04
3.742320976790353138e-01 9.990009990009990001e-04
3.714994968125035490e-01 9.990009990009990001e-04
4.355766213209311677e-01 9.990009990009990001e-04
5.240045961041654987e-01 9.990009990009990001e-04
5.250333717172058767e-01 9.990009990009990001e-04
5.014372919143063045e-01 9.990009990009990001e-04
4.898996159205204481e-01 9.990009990009990001e-04
4.683371525745443353e-01 9.990009990009990001e-04
4.357973282790259528e-01 9.990009990009990001e-04
4.902841357320487092e-01 9.990009990009990001e-04
3.706863053963361798e-01 9.990009990009990001e-04
3.748405127579360618e-01 9.990009990009990001e-04
3.742900191011617750e-01 9.990009990009990001e-04
