-3.697133290072051465e-02 7.646932520810898470e-01 5.040000000000000036e-01
2.868804290552814384e-01 1.769648467447648352e-02 2.450000000000000094e-02
-1.798178966504854759e-01 1.422904038193723020e-01 2.095000000000000195e-01
-1.534916861867740290e-01 2.114167403331179695e-01 2.399999999999999911e-01
1.421293891014008270e-01 2.476073330555454977e-01 1.109999999999999876e-01
-1.263671762711354729e-01 3.044889900119929216e-01 2.974999999999999867e-01
-1.583486426548095793e-01 1.971471931854453796e-01 2.414999999999999925e-01
-1.103370052112596089e-01 3.703955546882675698e-01 3.109999999999999987e-01
-3.602839858417236640e-04 9.976734553339434708e-01 5.540000000000000480e-01
-6.952398723796665569e-02 5.731878541899655399e-01 4.240000000000000435e-01
2.635018584875750691e-01 2.992095727301512242e-02 3.099999999999999978e-02
4.189741362205935682e-02 7.344300520419505540e-01 3.365000000000000213e-01
3.919481637143320540e-01 9.480989989337506880e-04 9.000000000000001055e-03
-2.007022235520258824e-01 1.007778210143625702e-01 1.239999999999999991e-01
-9.038249719891544576e-02 4.635600335057221688e-01 4.174999999999999822e-01
-1.644163939574100342e-01 1.803058053677794870e-01 2.304999999999999827e-01
-1.391207663191267041e-01 2.578604615963284719e-01 2.595000000000000084e-01
-6.513790458980268927e-03 9.579559735440190682e-01 6.139999999999999902e-01
-1.098704366794167192e-01 3.724348343836265673e-01 3.454999999999999738e-01
-8.026431584174961720e-02 5.152682887878504703e-01 4.200000000000000400e-01
-2.883855172958994517e-01 1.708341351359144930e-02 9.700000000000000289e-02
2.613569925721296316e-01 3.133294138951911445e-02 7.399999999999999634e-02
-3.953929040263353678e-01 8.464288373094348752e-04 1.800000000000000211e-02
-4.005645813937752653e-02 7.456955889991488950e-01 4.904999999999999916e-01
3.574954325981549719e-01 2.763318534048465024e-03 1.000000000000000021e-02
-7.561347772755609709e-02 5.399801614565570285e-01 3.744999999999999996e-01
1.238997486070459869e-01 3.141046360424611938e-01 2.625000000000000111e-01
-3.232068255404498824e-01 7.179827233496893432e-03 3.950000000000000039e-02
-1.994498027049187716e-01 1.029658825464062483e-01 1.450000000000000178e-01
-3.018514230853746594e-01 1.236221904655025912e-02 5.150000000000000411e-02
2.688223915941343467e-01 2.664743134293991872e-02 5.399999999999999939e-02
1.505108103095870176e-01 2.205275515269813358e-01 9.850000000000000422e-02
-1.015375892871301505e-01 4.099910202208746357e-01 3.220000000000000084e-01
-6.835085647377293905e-02 5.796922839174001307e-01 5.595000000000001084e-01
1.090272189835348737e-01 3.761375768836721090e-01 2.860000000000000320e-01
3.881184176326444302e-01 1.074003862141617235e-03 1.400000000000000029e-02
-1.718213877094017517e-01 1.611989100601677605e-01 1.355000000000000093e-01
-9.709467930333930130e-02 4.308823097471917718e-01 2.849999999999999756e-01
1.704167675876439025e-01 1.647032833510876093e-01 1.554999999999999993e-01
7.821685581824999733e-04 9.949491489964967794e-01 6.665000000000000924e-01
-8.978531424218799684e-02 4.665312549288277988e-01 9.550000000000000155e-02
9.203873378252515336e-02 4.553737579601371266e-01 3.830000000000000071e-01
8.518528942628517120e-02 4.897606973372745087e-01 3.935000000000000164e-01
4.569230958416299615e-02 7.113853297158888589e-01 4.929999999999999938e-01
3.819240398686987170e-01 1.309891421861799276e-03 8.000000000000000167e-03
3.226797952104683981e-02 7.939202742104674027e-01 5.150000000000000133e-01
4.342342160513721350e-01 2.158233450330800660e-04 4.500000000000000527e-03
-4.712229127723158856e-02 7.027668002465827790e-01 1.360000000000000098e-01
1.872655320406462764e-01 1.262237707449105906e-01 1.754999999999999893e-01
-1.977863413324585373e-01 1.059289164669828531e-01 1.859999999999999987e-01
-1.344201045099690517e-01 2.744487364541919328e-01 9.750000000000000333e-02
1.587037758249320030e-01 1.961315410523493674e-01 1.729999999999999871e-01
3.081512853663082030e-02 8.030079496224691304e-01 5.495000000000000995e-01
-1.349325117665500784e-01 2.726066883782707340e-01 2.269999999999999796e-01
-2.274954849430435300e-01 6.207763555493267527e-02 1.199999999999999956e-01
3.759581502333002312e-02 7.608362055822970316e-01 4.455000000000000071e-01
-1.675139311560172872e-01 1.721225761577836466e-01 1.615000000000000047e-01
5.816358528460234545e-02 6.375435050912892088e-01 4.415000000000000036e-01
3.759448752958924334e-01 1.580882798185028523e-03 1.549999999999999989e-02
1.145015676064864429e-01 3.524946103742617742e-01 2.914999999999999813e-01
1.967342183947532741e-01 1.078368446192031482e-01 2.045000000000000151e-01
-2.184665923950522837e-01 7.348452574714001151e-02 6.450000000000000178e-02
6.805246402840359199e-04 9.956055073075301687e-01 6.580000000000000293e-01
-1.289222617711758834e-01 2.947351731475139625e-01 1.025000000000000078e-01
1.461492284618495507e-01 2.343484987171829403e-01 2.429999999999999938e-01
2.930580430538466397e-01 1.529476257935699982e-02 2.700000000000000316e-02
1.025888863202999157e-01 4.051351776457627896e-01 2.675000000000000155e-01
3.943432923116067107e-02 7.495148201806951516e-01 7.364999999999999325e-01
