-2.276757795976415144e-01 6.186535096326914451e-02 1.239999999999999991e-01
2.462707170626128872e-01 4.292436297731266198e-02 3.650000000000000466e-02
-4.676325104152481704e-02 7.049272866809195293e-01 5.814999999999999059e-01
-2.183053559137508870e-01 7.370249836134563914e-02 2.169999999999999984e-01
-1.885249219453685732e-01 1.236491333591620001e-01 3.064999999999999947e-01
-3.187308504995527425e-01 8.071377616819658957e-03 7.050000000000000711e-02
-3.107447549500702566e-01 9.904315707416472964e-03 7.599999999999999811e-02
-2.713825175557798008e-01 2.518329606732735981e-02 1.029999999999999943e-01
-1.590277898059248296e-01 1.952081600172424491e-01 3.689999999999999947e-01
-1.721712554083097424e-01 1.603346519006942639e-01 3.599999999999999867e-01
2.513938652370571458e-01 3.864462581026029131e-02 2.149999999999999828e-02
-2.154802012269121103e-01 7.760625398202278258e-02 2.989999999999999880e-01
3.822887741998742261e-01 1.294804142785721708e-03 7.499999999999999722e-03
-2.543065176651602699e-01 3.637367195028229361e-02 1.920000000000000040e-01
-3.051144990878447150e-01 1.140512772232791724e-02 1.039999999999999952e-01
-1.106781849815994812e-01 3.689086225391262630e-01 3.865000000000000102e-01
-3.512265120988349032e-02 7.761445754614406667e-01 7.670000000000000151e-01
-4.031644020377742055e-03 9.739700146476164555e-01 8.305000000000000160e-01
-4.511737991085369714e-02 7.148606987387642331e-01 6.540000000000000258e-01
-2.624487093771039614e-01 3.060742922749404987e-02 1.574999999999999734e-01
-2.303954155277216365e-01 5.873378902108059713e-02 1.620000000000000051e-01
8.576140091939324361e-02 4.868185096760834774e-01 3.074999999999999956e-01
-1.039503156304201759e-01 3.988970416557790499e-01 5.030000000000000027e-01
-1.790986324727595058e-01 1.439197757763930607e-01 3.495000000000000329e-01
3.563848754304193567e-01 2.854857899790910324e-03 8.000000000000000167e-03
2.069336925401971672e-01 9.042451913010343678e-02 4.950000000000000233e-02
3.057352906929772240e-01 1.123050898442543369e-02 4.449999999999999789e-02
-4.218159284756645699e-01 3.401474089213383676e-04 3.700000000000000511e-02
-3.065285153342529600e-01 1.101076640604471690e-02 1.214999999999999969e-01
-2.167933813395083176e-01 7.577173476605922331e-02 3.329999999999999627e-01
4.340662106640783557e-01 2.171812092125242509e-04 9.000000000000001055e-03
-1.136290708086686030e-01 3.561999341649481066e-01 5.050000000000000044e-01
-5.165512536984312453e-02 6.756975642353771905e-01 6.350000000000000089e-01
-1.094255305197820993e-01 3.743857504974830164e-01 9.085000000000000853e-01
-3.783036447218531342e-03 9.755746233457872618e-01 3.365000000000000213e-01
3.334212422390515074e-01 5.461507527079771315e-03 7.549999999999999767e-02
9.397242804129078697e-02 4.459175578120936900e-01 3.734999999999999987e-01
-1.898503535311764912e-01 1.209829438283858971e-01 1.380000000000000115e-01
3.115831199431684517e-02 8.008589177325821096e-01 7.149999999999999689e-01
-1.123022386052703880e-01 3.618805180147174339e-01 4.199999999999999567e-02
1.698950799461608485e-02 8.906264680635879172e-01 8.389999999999999680e-01
-6.650927222352602530e-03 9.570716345851689733e-01 2.190000000000000002e-01
1.006020104609499366e-01 4.143406606670275161e-01 4.699999999999999734e-01
-2.064180375478504026e-02 8.673081672083542415e-01 2.015000000000000124e-01
5.322725595345059180e-01 2.987678481658394023e-06 9.000000000000001055e-03
-1.295027829381439899e-01 2.925479320465588784e-01 1.184999999999999942e-01
4.552336329416463712e-01 9.599568741812093903e-05 1.299999999999999940e-02
2.256045586470729891e-02 8.551021786780674816e-01 8.585000000000000409e-01
7.124305063347081968e-02 5.637180749757327858e-01 6.830000000000000515e-01
-8.733095201851179268e-02 4.788504218014043579e-01 4.070000000000000284e-01
2.568617544023752419e-01 3.447394489206417889e-02 2.154999999999999971e-01
1.715929650613157997e-01 1.617650214409345477e-01 4.119999999999999774e-01
1.263709917716423214e-01 3.044742703625312741e-01 5.060000000000000053e-01
-2.263120417880252200e-01 6.348571880677210399e-02 4.599999999999999922e-02
-8.300213395310082620e-02 5.009943324054602076e-01 3.255000000000000115e-01
-5.601172929712024129e-03 9.638423079711790908e-01 4.829999999999999849e-01
5.655083638605620799e-02 6.469155763540255233e-01 4.589999999999999636e-01
2.441082059673484878e-02 8.433625878871188197e-01 5.905000000000000249e-01
4.262484958144172609e-01 2.897453955126134896e-04 2.450000000000000094e-02
3.504746017642560441e-01 3.389032837793559943e-03 4.299999999999999656e-02
3.104458134303914041e-01 9.979447740939974970e-03 1.464999999999999913e-01
-3.344923978385246910e-01 5.304274860129748123e-03 2.500000000000000052e-03
-6.956915513117940819e-02 5.729380982862007921e-01 1.045000000000000095e-01
-1.245617233461031870e-01 3.115059527304317455e-01 9.850000000000000422e-02
3.861669851191453784e-01 1.143802702652288537e-03 1.750000000000000167e-02
1.049409541979332353e-02 9.323134914084105773e-01 6.984999999999998987e-01
3.820277975773640755e-02 7.570929101943029149e-01 5.600000000000000533e-01
3.773827624032112249e-01 1.511472302994443804e-03 1.949999999999999997e-02
